EpLenMean,EpRewMean,loss_pol_surr,loss_kl,ev_tdlam_before,EpThisIter,EpisodesSoFar,loss_vf_loss,TimeElapsed,loss_ent,loss_pol_entpen,TimestepsSoFar
577.4285714285714,-4.714285714285714,-0.011827964,0.009795168,-1.2837142944335938,7,7,0.022267334,4.044246673583984,2.0698042,0.0,4096
666.5,-4.583333333333333,-0.010614946,0.0076820413,0.5396855473518372,5,12,0.02026209,7.971733093261719,2.0556602,0.0,8192
643.9473684210526,-4.7368421052631575,-0.011348672,0.008376215,0.7894856333732605,7,19,0.014038942,11.748741865158081,2.0394418,0.0,12288
636.32,-4.8,-0.0098883035,0.007346545,0.8421081155538559,6,25,0.013102139,15.500748872756958,2.0288906,0.0,16384
635.5,-4.84375,-0.009439927,0.0063096536,0.8477437645196915,7,32,0.013313303,19.261817693710327,2.0341053,0.0,20480
641.9736842105264,-4.842105263157895,-0.0098730875,0.0069904495,0.8396564722061157,6,38,0.016106814,23.02531409263611,2.0242486,0.0,24576
650.6818181818181,-4.840909090909091,-0.010409772,0.0076109227,0.80534827709198,6,44,0.017497772,27.05742883682251,2.018179,0.0,28672
640.8823529411765,-4.8431372549019605,-0.012962172,0.007920008,0.8617289215326309,7,51,0.013222305,31.21005892753601,1.9920558,0.0,32768
633.3275862068965,-4.862068965517241,-0.012493793,0.008443224,0.854183703660965,7,58,0.01266273,35.35954141616821,1.9617189,0.0,36864
629.7384615384616,-4.861538461538461,-0.0087049445,0.00631626,0.7784349769353867,7,65,0.019236645,39.50617861747742,1.9466797,0.0,40960
636.8142857142857,-4.871428571428571,-0.010082053,0.0066834274,0.8385176062583923,5,70,0.013201508,43.652899980545044,1.9360307,0.0,45056
635.7792207792207,-4.857142857142857,-0.010716732,0.0067817434,0.81509929895401,7,77,0.015981374,47.804675340652466,1.910583,0.0,49152
624.2117647058824,-4.858823529411764,-0.009463476,0.0063734427,0.8235114216804504,8,85,0.017216336,51.95303511619568,1.8801898,0.0,53248
625.8681318681319,-4.868131868131868,-0.0090387,0.006476066,0.8597573935985565,6,91,0.0129532125,56.09856986999512,1.8804233,0.0,57344
623.1734693877551,-4.86734693877551,-0.009470433,0.005001603,0.8449478596448898,7,98,0.014538618,60.24516439437866,1.8977404,0.0,61440
623.72,-4.86,-0.009924311,0.009443273,0.7693117707967758,7,105,0.021559928,64.39271545410156,1.9275738,0.0,65536
614.92,-4.89,-0.010981992,0.0074203024,0.8145947456359863,7,112,0.015141743,68.54070997238159,1.9194995,0.0,69632
617.94,-4.88,-0.011605425,0.007457417,0.8582399934530258,6,118,0.0136768585,72.68829727172852,1.8850071,0.0,73728
615.83,-4.87,-0.0107550435,0.007078567,0.83247210085392,7,125,0.016069014,76.84079384803772,1.8571851,0.0,77824
613.85,-4.85,-0.009275818,0.0063407924,0.8687802404165268,7,132,0.012239922,80.99162077903748,1.8456763,0.0,81920
607.82,-4.86,-0.009858652,0.007007207,0.867501825094223,7,139,0.010992849,85.14777398109436,1.8241378,0.0,86016
607.93,-4.86,-0.011788121,0.0072407755,0.8441141545772552,6,145,0.012667191,89.30148077011108,1.8167118,0.0,90112
611.1,-4.86,-0.010652453,0.0055669984,0.8202652484178543,6,151,0.016900977,93.44972562789917,1.7955269,0.0,94208
613.24,-4.85,-0.011209626,0.00826522,0.8276870846748352,6,157,0.015140266,97.61876106262207,1.7711184,0.0,98304
621.56,-4.86,-0.012477032,0.006345253,0.8664147853851318,6,163,0.011321996,522.9182372093201,1.7605224,0.0,102400
613.66,-4.86,-0.010115642,0.005579425,0.8195061534643173,7,170,0.015282215,527.0739643573761,1.7660335,0.0,106496
617.46,-4.88,-0.012248838,0.0066239377,0.8130606263875961,6,176,0.013680931,531.2281224727631,1.7235225,0.0,110592
623.18,-4.88,-0.0100905495,0.006619424,0.8391511738300323,7,183,0.011373008,535.342226266861,1.7321954,0.0,114688
623.74,-4.89,-0.012012977,0.0063640415,0.8432860523462296,7,190,0.01234482,539.4300818443298,1.6909026,0.0,118784
631.92,-4.89,-0.010142706,0.007345755,0.8507601767778397,5,195,0.01143109,543.5799462795258,1.7210805,0.0,122880
626.51,-4.91,-0.012039953,0.0057447706,0.8335475921630859,7,202,0.013343154,547.7326664924622,1.7197137,0.0,126976
633.51,-4.9,-0.009255734,0.005109152,0.8138197809457779,6,208,0.013262701,551.7248923778534,1.7292289,0.0,131072
629.42,-4.87,-0.013961131,0.0064167413,0.8333748281002045,8,216,0.0143640805,555.4764280319214,1.7142303,0.0,135168
633.21,-4.86,-0.012741084,0.005906963,0.7849091589450836,5,221,0.016913868,559.2293357849121,1.7048155,0.0,139264
644.09,-4.86,-0.013527086,0.0061365846,0.7547843903303146,6,227,0.017043853,563.2852265834808,1.6964386,0.0,143360
648.73,-4.87,-0.013956412,0.007423025,0.8350412547588348,6,233,0.010787708,567.4338092803955,1.6966441,0.0,147456
656.86,-4.86,-0.0115689505,0.0051228018,0.8208628296852112,6,239,0.012419075,571.5869610309601,1.7231858,0.0,151552
660.91,-4.86,-0.012933473,0.0061105983,0.807897686958313,5,244,0.013070028,575.7428994178772,1.7221934,0.0,155648
660.79,-4.84,-0.013195524,0.005236594,0.7902229130268097,6,250,0.016109547,579.8837876319885,1.7124156,0.0,159744
663.19,-4.85,-0.013088673,0.0058293277,0.8030061721801758,7,257,0.013094208,584.0339920520782,1.6915072,0.0,163840
654.14,-4.84,-0.014894636,0.005586696,0.8121892511844635,7,264,0.013702813,588.179883480072,1.6843746,0.0,167936
658.48,-4.83,-0.012497336,0.004670322,0.8333803564310074,6,270,0.0143738305,592.3277032375336,1.6858424,0.0,172032
653.56,-4.83,-0.011759043,0.0043883384,0.8502540439367294,6,276,0.01199124,596.475593328476,1.7194542,0.0,176128
656.32,-4.83,-0.012787739,0.005866441,0.8724450469017029,7,283,0.011574864,600.611400604248,1.7238978,0.0,180224
653.63,-4.83,-0.010190859,0.0044682496,0.8727205991744995,7,290,0.010702249,604.753176689148,1.7291772,0.0,184320
650.49,-4.84,-0.013549074,0.008243377,0.8436991721391678,6,296,0.012287819,608.8968472480774,1.715679,0.0,188416
648.2,-4.85,-0.012219378,0.005659955,0.8590045422315598,7,303,0.011177518,613.0419354438782,1.7075099,0.0,192512
646.29,-4.86,-0.014163484,0.006363413,0.7678597718477249,7,310,0.013244756,617.1915109157562,1.6806331,0.0,196608
653.71,-4.86,-0.014133379,0.006201945,0.7986595928668976,6,316,0.013031031,1039.6007220745087,1.6880608,0.0,200704
651.31,-4.88,-0.010599412,0.0060659647,0.8398952782154083,6,322,0.012121651,1043.7629058361053,1.6734878,0.0,204800
640.73,-4.9,-0.014494356,0.006131341,0.8510005176067352,7,329,0.010111766,1047.915869474411,1.6435708,0.0,208896
640.94,-4.9,-0.0098696565,0.0054537673,0.8538490682840347,6,335,0.010644928,1052.0791380405426,1.6333518,0.0,212992
634.83,-4.91,-0.014313794,0.008503543,0.865849643945694,6,341,0.011356139,1056.2416961193085,1.6129575,0.0,217088
632.23,-4.91,-0.0153109105,0.004924078,0.7984941303730011,6,347,0.013864969,1060.2909142971039,1.5976095,0.0,221184
627.47,-4.9,-0.012039074,0.0041287118,0.8525887131690979,8,355,0.012046193,1064.3173835277557,1.5988055,0.0,225280
632.48,-4.89,-0.012840427,0.004734247,0.8619109690189362,6,361,0.010967016,1068.1442482471466,1.5771105,0.0,229376
629.05,-4.88,-0.013922032,0.005649732,0.8573001474142075,7,368,0.013430474,1072.2797758579254,1.5826507,0.0,233472
618.24,-4.88,-0.013668878,0.007347048,0.8723769634962082,8,376,0.010683611,1076.4336202144623,1.5349703,0.0,237568
611.55,-4.87,-0.013612885,0.0057655415,0.8561696857213974,7,383,0.01243421,1080.5920939445496,1.5104679,0.0,241664
613.51,-4.84,-0.014391299,0.006854471,0.8195899724960327,6,389,0.012733741,1084.7428016662598,1.5398209,0.0,245760
623.36,-4.83,-0.01419641,0.0063864384,0.8238820284605026,6,395,0.013509985,1088.8970885276794,1.5165235,0.0,249856
623.92,-4.81,-0.013287229,0.006455349,0.793909877538681,7,402,0.0166497,1093.0534706115723,1.4789021,0.0,253952
628.95,-4.79,-0.014702629,0.0060783336,0.8066961020231247,5,407,0.015327858,1097.2085938453674,1.4820298,0.0,258048
630.3,-4.8,-0.010421441,0.0040034926,0.8245869427919388,7,414,0.013269148,1101.3415794372559,1.4591163,0.0,262144
633.92,-4.79,-0.014240323,0.0059964196,0.8352280557155609,5,419,0.0147000365,1105.5136258602142,1.474863,0.0,266240
629.55,-4.78,-0.015457148,0.00462522,0.8457857966423035,7,426,0.010636757,1109.3521029949188,1.4708785,0.0,270336
630.95,-4.77,-0.014058183,0.0051244646,0.8253105580806732,7,433,0.011304505,1113.2458355426788,1.4618967,0.0,274432
621.45,-4.76,-0.0135292895,0.0058683464,0.8334280848503113,8,441,0.011998441,1117.170209646225,1.4794847,0.0,278528
614.57,-4.79,-0.014971989,0.0048364783,0.8792396187782288,6,447,0.010154933,1120.9376773834229,1.4791431,0.0,282624
615.72,-4.8,-0.01550207,0.0064847562,0.8433164954185486,7,454,0.0122130355,1124.68612241745,1.4764823,0.0,286720
613.29,-4.81,-0.013385197,0.004896098,0.8559460490942001,7,461,0.010813352,1128.4193034172058,1.4579444,0.0,290816
612.5,-4.84,-0.011708093,0.004151409,0.8432926684617996,7,468,0.012377245,1132.1518335342407,1.4379604,0.0,294912
614.56,-4.83,-0.015868777,0.00665178,0.8370718955993652,8,476,0.012143147,1135.8982231616974,1.4335548,0.0,299008
618.02,-4.82,-0.016977988,0.0076173367,0.806860625743866,7,483,0.014678802,1563.6672122478485,1.3599832,0.0,303104
616.67,-4.85,-0.0136068,0.005513234,0.8675830811262131,6,489,0.0093191685,1567.5150771141052,1.4009722,0.0,307200
605.52,-4.86,-0.014079898,0.005299683,0.8702131509780884,8,497,0.009492215,1571.363885641098,1.4078281,0.0,311296
600.7,-4.88,-0.013987026,0.006027712,0.8409173488616943,7,504,0.010962449,1575.1214606761932,1.4235698,0.0,315392
593.45,-4.89,-0.014740246,0.005247652,0.8386151790618896,7,511,0.012141347,1578.8687074184418,1.4106137,0.0,319488
592.57,-4.91,-0.016432472,0.0073106093,0.8574343621730804,5,516,0.010336669,1582.6193263530731,1.373798,0.0,323584
591.14,-4.93,-0.014117005,0.004859446,0.8399734348058701,7,523,0.012416393,1586.5958330631256,1.3631812,0.0,327680
591.08,-4.94,-0.014195361,0.0060707694,0.8374721705913544,7,530,0.010983793,1590.3510463237762,1.3560961,0.0,331776
595.63,-4.94,-0.015885469,0.0062098363,0.8440621197223663,7,537,0.010956873,1594.099966287613,1.3396207,0.0,335872
598.11,-4.93,-0.015262732,0.0050513954,0.8475526720285416,6,543,0.011276806,1597.8473148345947,1.3402197,0.0,339968
605.76,-4.91,-0.015471239,0.004961491,0.8170525133609772,6,549,0.013283713,1601.636071920395,1.3337402,0.0,344064
610.2,-4.92,-0.015817182,0.0059306626,0.8569628000259399,6,555,0.009831122,1605.4044954776764,1.3551621,0.0,348160
610.19,-4.92,-0.015580966,0.0056135734,0.8406478017568588,7,562,0.012812492,1609.2796013355255,1.3290693,0.0,352256
611.55,-4.92,-0.014758706,0.005927092,0.8645291775465012,6,568,0.010099175,1613.2472033500671,1.3109933,0.0,356352
621.98,-4.91,-0.014475021,0.006063155,0.8637636452913284,7,575,0.01101785,1617.2318587303162,1.3313221,0.0,360448
622.17,-4.94,-0.014035197,0.005021168,0.8558825254440308,6,581,0.010688391,1621.1982424259186,1.2924471,0.0,364544
621.49,-4.94,-0.014061502,0.0048712133,0.8577777296304703,7,588,0.01099035,1624.9546670913696,1.2899939,0.0,368640
627.2,-4.93,-0.017489528,0.0050243614,0.835832878947258,6,594,0.009939782,1628.7066733837128,1.249969,0.0,372736
630.6,-4.92,-0.012276804,0.005099847,0.8571637123823166,7,601,0.010761817,1632.4644787311554,1.2273549,0.0,376832
634.07,-4.91,-0.016345225,0.00782816,0.8517737835645676,7,608,0.011886356,1636.281854391098,1.24147,0.0,380928
624.9,-4.92,-0.013857961,0.0072561447,0.8624679148197174,7,615,0.010676709,1640.0371582508087,1.2187089,0.0,385024
626.92,-4.92,-0.014419143,0.005243107,0.8752049058675766,6,621,0.010072512,1643.7879824638367,1.219364,0.0,389120
635.64,-4.91,-0.0137353,0.004820877,0.8551075607538223,6,627,0.010498799,1647.532956123352,1.1915267,0.0,393216
633.5,-4.91,-0.016471656,0.0072597787,0.8672576546669006,7,634,0.010312654,1651.4522409439087,1.145795,0.0,397312
633.61,-4.91,-0.012447575,0.0048499694,0.8479478359222412,6,640,0.01228977,2078.7217738628387,1.1638093,0.0,401408
635.38,-4.92,-0.015510933,0.0055171624,0.8627333492040634,6,646,0.010305273,2082.8787059783936,1.1687438,0.0,405504
630.87,-4.93,-0.013840768,0.00641353,0.878696009516716,7,653,0.010380403,2087.037034034729,1.1887512,0.0,409600
626.37,-4.92,-0.013763861,0.0055422415,0.8657472431659698,7,660,0.012552975,2091.193469762802,1.1520811,0.0,413696
624.85,-4.91,-0.014510585,0.0060211862,0.8658188432455063,7,667,0.01078658,2095.357001543045,1.1437868,0.0,417792
627.79,-4.9,-0.014496523,0.0058280025,0.8586731404066086,6,673,0.011591408,2099.523085832596,1.151888,0.0,421888
623.37,-4.91,-0.01244457,0.0049930103,0.8521400094032288,7,680,0.011099928,2103.6759428977966,1.13576,0.0,425984
624.23,-4.91,-0.014723796,0.005969205,0.8565987348556519,6,686,0.009716968,2107.8369319438934,1.1476249,0.0,430080
624.47,-4.9,-0.014535837,0.005155457,0.8327757716178894,7,693,0.0109267635,2112.0038883686066,1.1324726,0.0,434176
624.65,-4.92,-0.014521437,0.0045674373,0.85183285176754,6,699,0.010190658,2116.170611858368,1.1424081,0.0,438272
622.03,-4.93,-0.013605564,0.0068768156,0.8679344058036804,7,706,0.009061724,2120.331950902939,1.124376,0.0,442368
629.5,-4.93,-0.013950128,0.0048211482,0.8225900530815125,6,712,0.01206056,2124.5007996559143,1.1364346,0.0,446464
629.22,-4.91,-0.013828069,0.00639511,0.8299625813961029,7,719,0.011369106,2128.363335609436,1.1625217,0.0,450560
626.08,-4.91,-0.015334331,0.0049391002,0.8495393991470337,6,725,0.011670728,2132.3354868888855,1.1769751,0.0,454656
626.07,-4.91,-0.014464231,0.0046015778,0.8454580456018448,6,731,0.012115704,2136.4032418727875,1.1737993,0.0,458752
629.25,-4.91,-0.014695143,0.004740849,0.8597461581230164,7,738,0.011465807,2140.1862761974335,1.1479833,0.0,462848
633.02,-4.91,-0.01506627,0.005172799,0.8596909493207932,6,744,0.010256018,2144.0052790641785,1.1379998,0.0,466944
632.85,-4.9,-0.013598774,0.0055295234,0.8756223917007446,6,750,0.010361381,2147.7771253585815,1.1159426,0.0,471040
632.52,-4.9,-0.01249194,0.0039703865,0.863665297627449,7,757,0.013159209,2151.543369293213,1.0870597,0.0,475136
630.39,-4.91,-0.013920958,0.0044898065,0.8513507395982742,7,764,0.013505005,2155.3079636096954,1.0916188,0.0,479232
625.64,-4.92,-0.013613955,0.005553471,0.8824664652347565,7,771,0.012416689,2159.0631482601166,1.0870938,0.0,483328
625.57,-4.91,-0.014024347,0.005347033,0.8665306568145752,7,778,0.009883484,2163.119718313217,1.0325034,0.0,487424
620.77,-4.91,-0.012730637,0.004236207,0.8282679319381714,7,785,0.011597002,2166.9144382476807,1.0524755,0.0,491520
619.29,-4.91,-0.013852544,0.0058121053,0.8569417893886566,7,792,0.009700439,2170.6651084423065,1.1091366,0.0,495616
615.98,-4.91,-0.014233414,0.004717464,0.8606493771076202,7,799,0.011460977,2174.442891597748,1.094668,0.0,499712
621.04,-4.91,-0.010240071,0.0044536926,0.8602767288684845,6,805,0.0113581875,2597.800231218338,1.0457355,0.0,503808
611.66,-4.9,-0.013526207,0.003923339,0.8584156185388565,8,813,0.010757708,2601.5693061351776,1.0620207,0.0,507904
617.24,-4.91,-0.0133647835,0.0058276304,0.8193295747041702,6,819,0.012831029,2605.6393342018127,1.0979316,0.0,512000
612.04,-4.92,-0.011891654,0.004752657,0.8755864128470421,7,826,0.010118311,2609.8003129959106,1.1009244,0.0,516096
601.9,-4.92,-0.013860646,0.0050291466,0.8609887063503265,7,833,0.01172173,2613.9669148921967,1.065055,0.0,520192
586.67,-4.92,-0.011910704,0.005170967,0.8720213323831558,8,841,0.011112427,2618.1326982975006,1.0238361,0.0,524288
576.11,-4.92,-0.011819376,0.0058627087,0.8464190512895584,8,849,0.011832142,2622.2976965904236,1.0345223,0.0,528384
580.31,-4.92,-0.015164761,0.0049196607,0.8615250438451767,6,855,0.010166069,2626.4619476795197,1.0805925,0.0,532480
582.1,-4.91,-0.014300788,0.0048498437,0.8664011210203171,7,862,0.01122525,2630.3308851718903,1.0657762,0.0,536576
587.35,-4.9,-0.01139568,0.004754509,0.8301705867052078,6,868,0.011152373,2634.1774110794067,1.0388721,0.0,540672
588.83,-4.89,-0.015795665,0.005052417,0.8316307663917542,6,874,0.011392831,2638.1232266426086,1.0448096,0.0,544768
594.95,-4.88,-0.017458925,0.005758728,0.8485661894083023,8,882,0.011748844,2641.9148094654083,0.99094254,0.0,548864
600.33,-4.88,-0.014684995,0.0047901417,0.8815214708447456,6,888,0.010946575,2645.68972158432,1.03348,0.0,552960
602.62,-4.88,-0.012207595,0.0050712265,0.852683961391449,5,893,0.012500802,2649.4618859291077,1.0005939,0.0,557056
603.12,-4.89,-0.011347893,0.0034837017,0.8602232784032822,7,900,0.011726212,2653.224983692169,0.95896363,0.0,561152
607.11,-4.87,-0.012721955,0.0045998986,0.8443969339132309,6,906,0.012386865,2657.1372468471527,0.9790916,0.0,565248
623.56,-4.86,-0.014383255,0.0054364586,0.821317195892334,5,911,0.01202337,2660.992260694504,0.97922003,0.0,569344
619.04,-4.86,-0.01231462,0.0032613263,0.8467720597982407,7,918,0.010708212,2664.7575521469116,0.95313984,0.0,573440
613.51,-4.85,-0.010919031,0.003746204,0.8556115031242371,7,925,0.0104167955,2668.8618466854095,0.9730067,0.0,577536
616.15,-4.86,-0.014163764,0.0046135355,0.8307557702064514,8,933,0.013115237,2672.6919956207275,0.95739204,0.0,581632
632.58,-4.85,-0.013204789,0.0054507176,0.8268687427043915,5,938,0.011034388,2676.483540534973,1.0115443,0.0,585728
636.65,-4.84,-0.016206956,0.0039716233,0.8020634949207306,7,945,0.012086939,2680.256598711014,1.0521426,0.0,589824
648.9,-4.83,-0.016084896,0.0049122176,0.8192621171474457,5,950,0.011620373,2684.2199971675873,1.0274132,0.0,593920
649.4,-4.84,-0.011400814,0.0040543852,0.8567956387996674,7,957,0.0094480235,2687.982815027237,1.0177584,0.0,598016
658.96,-4.85,-0.014561734,0.004876074,0.8659694045782089,4,961,0.009117714,3112.834143638611,1.0256472,0.0,602112
660.69,-4.86,-0.013644419,0.0054235025,0.8488727957010269,7,968,0.011808158,3116.755354166031,0.9566862,0.0,606208
657.33,-4.87,-0.01300702,0.0044702226,0.8606236129999161,6,974,0.01168182,3120.7010068893433,0.94749105,0.0,610304
657.04,-4.86,-0.015024847,0.004807043,0.8725272715091705,7,981,0.0123597095,3124.4727623462677,0.93408924,0.0,614400
655.91,-4.84,-0.013905067,0.004613617,0.8629151582717896,6,987,0.011162798,3128.418764591217,0.92907006,0.0,618496
653.79,-4.83,-0.012999417,0.003636113,0.8506087511777878,7,994,0.013119176,3132.5974414348602,0.91337943,0.0,622592
641.16,-4.83,-0.012906723,0.005303083,0.8502868413925171,8,1002,0.0128806345,3136.7675433158875,0.86645633,0.0,626688
642.08,-4.84,-0.015726294,0.0060836216,0.8401266634464264,6,1008,0.011312359,3140.80890083313,0.92857766,0.0,630784
630.32,-4.86,-0.013372917,0.0044949614,0.8325901329517365,8,1016,0.011512949,3144.7751455307007,0.8983728,0.0,634880
634.33,-4.86,-0.012959616,0.004555041,0.849405437707901,6,1022,0.012004005,3148.9300293922424,0.9037229,0.0,638976
634.99,-4.86,-0.015847415,0.004704414,0.8432824313640594,7,1029,0.010721702,3152.6855008602142,0.8925147,0.0,643072
622.04,-4.86,-0.012488357,0.0036435807,0.8609974086284637,8,1037,0.010353016,3156.44406914711,0.91823643,0.0,647168
621.14,-4.87,-0.012398847,0.0038676702,0.8482320308685303,6,1043,0.0110569615,3160.3206930160522,0.9521489,0.0,651264
612.55,-4.89,-0.012391854,0.003836173,0.8762789145112038,8,1051,0.010082784,3164.0915491580963,0.9346972,0.0,655360
614.06,-4.88,-0.0145832235,0.005566572,0.8518665879964828,6,1057,0.010326033,3168.208963394165,0.9637642,0.0,659456
609.26,-4.87,-0.012265372,0.0037523753,0.8407632261514664,5,1062,0.010739472,3172.3815219402313,0.95824426,0.0,663552
610.06,-4.85,-0.012424639,0.004015735,0.8334465622901917,7,1069,0.014437975,3176.550477743149,0.93810207,0.0,667648
610.75,-4.84,-0.0131756915,0.004560896,0.861931324005127,6,1075,0.011105018,3180.7125957012177,0.94094574,0.0,671744
615.57,-4.84,-0.013037206,0.0042864257,0.8297141790390015,6,1081,0.013384163,3184.8801176548004,0.92678005,0.0,675840
617.98,-4.84,-0.014474468,0.0043588798,0.8448005765676498,6,1087,0.011473849,3188.7347073554993,1.0072293,0.0,679936
611.35,-4.84,-0.013105848,0.0042638495,0.8545169234275818,7,1094,0.013114414,3192.491334915161,0.8902745,0.0,684032
621.45,-4.82,-0.013358098,0.0056389817,0.8547600656747818,5,1099,0.0106388135,3196.2562775611877,0.94519764,0.0,688128
628.03,-4.8,-0.014892623,0.005115024,0.8300784975290298,7,1106,0.013833663,3200.2087693214417,0.89967203,0.0,692224
627.04,-4.82,-0.014182528,0.004754676,0.8456437736749649,7,1113,0.011184137,3204.2968788146973,0.867948,0.0,696320
633.36,-4.82,-0.012484833,0.004457069,0.8722454011440277,5,1118,0.009652545,3638.5151178836823,0.9270801,0.0,700416
643.01,-4.83,-0.016952353,0.0052337586,0.8709957301616669,6,1124,0.008950947,3642.45680308342,0.90594494,0.0,704512
647.44,-4.83,-0.0113460375,0.0035123213,0.8811785951256752,7,1131,0.009157905,3646.4302940368652,0.8767671,0.0,708608
649.62,-4.82,-0.013152955,0.004804614,0.8422066420316696,6,1137,0.0107285725,3650.5910761356354,0.8765992,0.0,712704
650.65,-4.81,-0.011703171,0.004862505,0.8377320915460587,7,1144,0.010859657,3654.6538183689117,0.89212555,0.0,716800
655.68,-4.81,-0.013232722,0.0033595224,0.8618241399526596,7,1151,0.0089791985,3658.761716365814,0.8902305,0.0,720896
653.7,-4.8,-0.015226187,0.0050656395,0.8216904848814011,6,1157,0.011573755,3662.931842803955,0.8582218,0.0,724992
646.88,-4.81,-0.015791234,0.0051762797,0.8412544429302216,6,1163,0.010629243,3667.103093147278,0.88801986,0.0,729088
643.48,-4.84,-0.01282205,0.004001728,0.881562851369381,7,1170,0.008617947,3671.26397562027,0.8079156,0.0,733184
640.06,-4.84,-0.014323831,0.004670553,0.8418716341257095,7,1177,0.0101577975,3675.4306423664093,0.8465683,0.0,737280
643.32,-4.83,-0.014400803,0.004870947,0.8420180976390839,5,1182,0.011583476,3679.5950837135315,0.9005516,0.0,741376
642.17,-4.84,-0.014735838,0.0041981423,0.8480424284934998,6,1188,0.009282602,3683.780510902405,0.8703171,0.0,745472
648.1,-4.82,-0.013745946,0.0043444093,0.8368762880563736,7,1195,0.011186549,3687.739732980728,0.85486573,0.0,749568
635.0,-4.81,-0.011691335,0.0032738473,0.8451357632875443,8,1203,0.012712179,3691.5151925086975,0.7783762,0.0,753664
631.98,-4.82,-0.013035722,0.0053334604,0.8464704900979996,6,1209,0.014607554,3695.598730802536,0.8207417,0.0,757760
636.03,-4.81,-0.01195131,0.0036572956,0.852914348244667,7,1216,0.013202831,3699.5574662685394,0.8193591,0.0,761856
624.62,-4.78,-0.01074113,0.003679996,0.8739646673202515,7,1223,0.01136068,3703.344146966934,0.7928691,0.0,765952
618.08,-4.78,-0.013320931,0.0047391243,0.8442558944225311,7,1230,0.009872767,3707.1086201667786,0.78127307,0.0,770048
613.47,-4.8,-0.012750012,0.004509862,0.8635378330945969,8,1238,0.010849245,3710.8788187503815,0.78756994,0.0,774144
619.19,-4.79,-0.013044277,0.006972288,0.8056231737136841,5,1243,0.011520767,3714.644912004471,0.881383,0.0,778240
625.72,-4.77,-0.013448495,0.0037925758,0.8401424586772919,6,1249,0.01016648,3718.6350750923157,0.82652134,0.0,782336
626.56,-4.77,-0.014273399,0.0043398775,0.8429483324289322,6,1255,0.00968995,3722.6760759353638,0.85100406,0.0,786432
632.88,-4.76,-0.011374478,0.0042338558,0.8694722205400467,6,1261,0.010109242,3726.8390367031097,0.8265565,0.0,790528
630.96,-4.76,-0.010786592,0.003656062,0.8767613023519516,7,1268,0.010897612,3731.003804206848,0.79256976,0.0,794624
635.61,-4.75,-0.013324556,0.004845164,0.8682843744754791,5,1273,0.0120804515,3735.169637441635,0.7757351,0.0,798720
635.38,-4.77,-0.012080635,0.0041880575,0.8492965251207352,7,1280,0.010760149,4164.350776433945,0.81066024,0.0,802816
625.96,-4.78,-0.011849143,0.004734357,0.8629584312438965,7,1287,0.011572774,4168.522867441177,0.7944942,0.0,806912
620.92,-4.81,-0.01056034,0.003585398,0.8415348529815674,7,1294,0.0104063405,4172.688653469086,0.74484396,0.0,811008
624.15,-4.82,-0.012430687,0.0033603439,0.8525780290365219,7,1301,0.010968584,4176.847724199295,0.7552038,0.0,815104
635.52,-4.77,-0.013318565,0.004021981,0.8039402365684509,5,1306,0.014642121,4181.010100603104,0.8215307,0.0,819200
645.24,-4.77,-0.0139686605,0.003495725,0.7878353595733643,5,1311,0.012964092,4185.179075717926,0.8360622,0.0,823296
645.21,-4.76,-0.013839477,0.0040272516,0.85225909948349,6,1317,0.009707595,4189.246923923492,0.7903964,0.0,827392
644.69,-4.77,-0.0133148935,0.0038915493,0.8479262888431549,8,1325,0.010799626,4193.023208618164,0.7529241,0.0,831488
647.9,-4.76,-0.012128679,0.003131628,0.8523735851049423,7,1332,0.012014682,4196.806934356689,0.78979737,0.0,835584
658.22,-4.74,-0.015415527,0.00478263,0.7845787107944489,5,1337,0.014908611,4200.691264390945,0.7962708,0.0,839680
651.14,-4.74,-0.013809513,0.0046242313,0.7881699949502945,7,1344,0.012643571,4204.576635837555,0.76483095,0.0,843776
645.49,-4.75,-0.012210956,0.0036240194,0.8620646893978119,6,1350,0.010072077,4208.724703788757,0.7443527,0.0,847872
636.41,-4.77,-0.013113538,0.0039185677,0.8620044887065887,7,1357,0.010555804,4212.895953178406,0.7124931,0.0,851968
637.21,-4.78,-0.011715215,0.0032382575,0.8793957456946373,7,1364,0.008932685,4216.717592716217,0.70737606,0.0,856064
638.59,-4.78,-0.010837151,0.0046661356,0.8787301033735275,6,1370,0.010378672,4220.4799127578735,0.74135494,0.0,860160
631.33,-4.77,-0.013417397,0.0036694666,0.8519399762153625,7,1377,0.010483494,4224.520180225372,0.69037575,0.0,864256
636.08,-4.76,-0.010339501,0.0031546997,0.8738207519054413,6,1383,0.010196018,4228.506323099136,0.73670614,0.0,868352
644.46,-4.76,-0.012042996,0.0039361794,0.8345550298690796,5,1388,0.012070715,4232.275838136673,0.75290877,0.0,872448
647.65,-4.76,-0.010318244,0.0037512928,0.870638906955719,7,1395,0.0087486645,4236.029691934586,0.70324594,0.0,876544
650.9,-4.76,-0.01077192,0.003950773,0.8606991767883301,6,1401,0.010634275,4239.9233367443085,0.718015,0.0,880640
635.66,-4.8,-0.011853621,0.0036844336,0.8528571426868439,8,1409,0.010802371,4244.090451955795,0.6953084,0.0,884736
626.99,-4.83,-0.01022587,0.003533006,0.8639109432697296,6,1415,0.010629076,4248.264463424683,0.7029349,0.0,888832
632.2,-4.84,-0.012209318,0.0034731582,0.8654792010784149,6,1421,0.00887655,4252.446607589722,0.66926855,0.0,892928
631.45,-4.84,-0.009816068,0.0034212456,0.8756278976798058,7,1428,0.009597353,4256.611220598221,0.68255615,0.0,897024
644.97,-4.85,-0.010626801,0.0040738955,0.8254849761724472,5,1433,0.01355666,4687.623172521591,0.7098607,0.0,901120
637.18,-4.88,-0.011223188,0.004570327,0.8648665398359299,7,1440,0.010246441,4691.374650478363,0.7420369,0.0,905216
643.06,-4.88,-0.01212088,0.0035696044,0.8311794996261597,6,1446,0.011032473,4695.127900123596,0.7264945,0.0,909312
640.81,-4.88,-0.011432761,0.0040941834,0.8638759255409241,7,1453,0.01050735,4699.125854730606,0.68401986,0.0,913408
644.09,-4.86,-0.01123749,0.003224808,0.844813659787178,6,1459,0.014277649,4703.2793526649475,0.6752939,0.0,917504
633.54,-4.86,-0.009178566,0.0035011782,0.8731385320425034,8,1467,0.009995485,4707.254821538925,0.6276528,0.0,921600
627.17,-4.89,-0.010526163,0.0031418449,0.874136820435524,7,1474,0.00949333,4711.079933166504,0.6685497,0.0,925696
632.23,-4.89,-0.013458202,0.0047636754,0.8347055912017822,6,1480,0.011265538,4715.1869559288025,0.76191306,0.0,929792
628.44,-4.89,-0.011293719,0.003915409,0.8377429395914078,7,1487,0.01079062,4719.336942434311,0.7043823,0.0,933888
622.69,-4.89,-0.012665769,0.003140737,0.8564654439687729,7,1494,0.009454743,4723.4756054878235,0.6976555,0.0,937984
618.45,-4.89,-0.013056702,0.003678922,0.8497002422809601,7,1501,0.0105914315,4727.228566408157,0.68021214,0.0,942080
618.6,-4.87,-0.012483374,0.0031410845,0.8260923475027084,7,1508,0.014124034,4731.074903488159,0.67647016,0.0,946176
623.07,-4.86,-0.012071672,0.0026124578,0.8229559510946274,6,1514,0.014231594,4734.817312479019,0.6944775,0.0,950272
626.18,-4.86,-0.013121504,0.0040594824,0.8398116081953049,6,1520,0.0095550595,4738.659259557724,0.706142,0.0,954368
632.45,-4.83,-0.013301738,0.0035547554,0.800464391708374,6,1526,0.0125767505,4742.641632080078,0.7067136,0.0,958464
628.46,-4.82,-0.011158379,0.0035260564,0.8679008185863495,6,1532,0.011054693,4746.790752887726,0.7000611,0.0,962560
617.05,-4.82,-0.01137637,0.0039212476,0.8655004501342773,7,1539,0.0105887195,4750.924229383469,0.6948893,0.0,966656
618.12,-4.81,-0.011493599,0.0036003059,0.8461065292358398,6,1545,0.009631995,4754.686571836472,0.69176686,0.0,970752
628.79,-4.81,-0.0121322125,0.0036792576,0.8338620215654373,5,1550,0.011075128,4758.802655220032,0.75009817,0.0,974848
636.52,-4.79,-0.012641736,0.003686899,0.85429847240448,6,1556,0.010852823,4762.779399871826,0.7099005,0.0,978944
636.13,-4.8,-0.012252899,0.003434793,0.8557020872831345,7,1563,0.01129782,4766.924357414246,0.67859095,0.0,983040
639.45,-4.77,-0.013254967,0.0036229566,0.8746294528245926,7,1570,0.011287744,4771.07267332077,0.7048452,0.0,987136
643.07,-4.78,-0.013083327,0.0035110123,0.8601847290992737,6,1576,0.00930647,4775.22457408905,0.71156067,0.0,991232
644.28,-4.76,-0.013514732,0.0053457697,0.7982729524374008,6,1582,0.0143116675,4779.369134187698,0.74572825,0.0,995328
649.53,-4.76,-0.012754546,0.0036160855,0.7976820319890976,6,1588,0.013319177,4783.515439271927,0.6575679,0.0,999424
657.53,-4.72,-0.011290664,0.0032824043,0.8105500191450119,5,1593,0.014059706,5219.000760316849,0.7182649,0.0,1003520
661.6,-4.71,-0.012427296,0.0034637144,0.8520101010799408,7,1600,0.010732416,5222.873361825943,0.6558104,0.0,1007616
661.1,-4.73,-0.011243679,0.0036760275,0.8841661959886551,6,1606,0.008756399,5226.639415025711,0.6451865,0.0,1011712
658.59,-4.76,-0.011720025,0.0034441003,0.860333651304245,7,1613,0.010952189,5230.665976762772,0.62273717,0.0,1015808
651.93,-4.75,-0.011136138,0.0031088216,0.8794248253107071,7,1620,0.009346414,5234.814939022064,0.66919225,0.0,1019904
647.74,-4.78,-0.011874456,0.0031092474,0.8368900269269943,7,1627,0.010093318,5238.96636557579,0.6529423,0.0,1024000
652.46,-4.78,-0.0138185285,0.0034567884,0.8332246989011765,6,1633,0.009963906,5243.120441436768,0.7086446,0.0,1028096
654.99,-4.78,-0.011758176,0.003716443,0.8646923303604126,6,1639,0.011080786,5247.268599271774,0.6911014,0.0,1032192
648.37,-4.78,-0.011084645,0.0040098256,0.838255986571312,7,1646,0.013295548,5251.330969333649,0.6855711,0.0,1036288
644.21,-4.78,-0.010313926,0.0023266415,0.8605794757604599,6,1652,0.010235419,5255.072155237198,0.64443296,0.0,1040384
640.93,-4.8,-0.012098206,0.0030542095,0.8761329278349876,7,1659,0.009701356,5258.8129551410675,0.67098653,0.0,1044480
640.35,-4.8,-0.012833301,0.0035342479,0.8507769256830215,7,1666,0.010647699,5262.5666036605835,0.676736,0.0,1048576
641.66,-4.8,-0.012200198,0.0026772988,0.8174814283847809,6,1672,0.011600159,5266.32929110527,0.66608995,0.0,1052672
639.44,-4.81,-0.012152304,0.004157298,0.860293909907341,7,1679,0.010882018,5270.085275173187,0.6383875,0.0,1056768
626.23,-4.82,-0.012743102,0.0039969096,0.8553357422351837,7,1686,0.011750779,5274.1280863285065,0.6118486,0.0,1060864
616.92,-4.86,-0.012974167,0.0031340157,0.8543233871459961,7,1693,0.010302148,5278.284256696701,0.64582026,0.0,1064960
613.67,-4.87,-0.011675096,0.0033706655,0.8452881425619125,7,1700,0.009349919,5282.431738853455,0.65123683,0.0,1069056
616.72,-4.86,-0.012908169,0.0030125417,0.8679401725530624,6,1706,0.010087174,5286.30605173111,0.62279797,0.0,1073152
615.11,-4.86,-0.010636726,0.0040149805,0.8608121424913406,7,1713,0.009014866,5290.205727338791,0.59340835,0.0,1077248
617.84,-4.86,-0.012375306,0.0031098078,0.8333502262830734,6,1719,0.011356232,5294.35694527626,0.61297864,0.0,1081344
615.77,-4.85,-0.010172731,0.002793069,0.8676237314939499,7,1726,0.010359073,5298.512973546982,0.5965162,0.0,1085440
607.65,-4.84,-0.010359887,0.0032093173,0.8663244247436523,8,1734,0.011246617,5302.668065786362,0.60868526,0.0,1089536
610.89,-4.83,-0.012974897,0.0034260165,0.8692231178283691,6,1740,0.009459252,5306.819952964783,0.631802,0.0,1093632
609.32,-4.85,-0.011339398,0.0035645124,0.8704865872859955,6,1746,0.00855915,5310.972342967987,0.60507786,0.0,1097728
617.5,-4.81,-0.013550571,0.004817112,0.8204731196165085,6,1752,0.012974715,5749.521418333054,0.6315744,0.0,1101824
615.66,-4.81,-0.012520416,0.0032752212,0.8625365197658539,6,1758,0.01072076,5753.660622596741,0.5925762,0.0,1105920
621.44,-4.83,-0.011677696,0.0029729332,0.8982057794928551,6,1764,0.008834941,5757.8026802539825,0.5883858,0.0,1110016
622.86,-4.82,-0.010684695,0.003197804,0.8340679407119751,7,1771,0.0114887385,5761.956592798233,0.5671151,0.0,1114112
620.7,-4.83,-0.0129085295,0.003707327,0.8198897987604141,7,1778,0.010934281,5766.095273017883,0.5683521,0.0,1118208
621.52,-4.82,-0.011629914,0.0023810961,0.8302785754203796,7,1785,0.014459822,5770.232463359833,0.56732213,0.0,1122304
626.49,-4.81,-0.011678427,0.0026571401,0.8463021516799927,6,1791,0.010881358,5774.377847194672,0.59973013,0.0,1126400
630.9,-4.82,-0.010111332,0.0026727186,0.8748252987861633,6,1797,0.008810437,5778.521533966064,0.62284243,0.0,1130496
637.88,-4.81,-0.010516071,0.0037556991,0.8715091049671173,6,1803,0.009479947,5782.413899183273,0.5955644,0.0,1134592
638.71,-4.81,-0.009836874,0.0026602452,0.8598024547100067,6,1809,0.010217705,5786.160621404648,0.57088333,0.0,1138688
634.33,-4.82,-0.009829743,0.0029777302,0.855360671877861,8,1817,0.010210952,5789.893775463104,0.52688855,0.0,1142784
641.01,-4.83,-0.01103623,0.0030667356,0.8698104619979858,5,1822,0.008330772,5793.641094923019,0.6085352,0.0,1146880
645.3,-4.82,-0.011123238,0.003352907,0.8743527382612228,7,1829,0.0094539365,5797.413951873779,0.56332546,0.0,1150976
647.15,-4.82,-0.011239976,0.0026985428,0.846352607011795,6,1835,0.010617826,5801.208723306656,0.5562397,0.0,1155072
643.98,-4.82,-0.012098092,0.002518121,0.8187884986400604,6,1841,0.01304163,5805.010069608688,0.5464314,0.0,1159168
640.32,-4.83,-0.0106538925,0.002204894,0.8676393032073975,8,1849,0.011261411,5808.8746020793915,0.5496648,0.0,1163264
636.49,-4.85,-0.0110295145,0.0030680182,0.8802104368805885,5,1854,0.008623693,5812.87761759758,0.56935513,0.0,1167360
634.08,-4.85,-0.010646174,0.0029019616,0.852225586771965,7,1861,0.011247776,5817.014838933945,0.54227245,0.0,1171456
629.23,-4.85,-0.009520234,0.0021491433,0.8880687728524208,8,1869,0.009854099,5821.030039310455,0.4985926,0.0,1175552
626.44,-4.85,-0.009536036,0.002477774,0.8526042401790619,7,1876,0.01006132,5824.775793790817,0.5194291,0.0,1179648
630.47,-4.85,-0.01081812,0.0034797306,0.8805333822965622,6,1882,0.008558167,5828.520971059799,0.5566402,0.0,1183744
635.23,-4.88,-0.011159837,0.0027008532,0.8522953689098358,6,1888,0.01051265,5832.26136302948,0.5855763,0.0,1187840
635.56,-4.87,-0.01205266,0.003376274,0.8376724123954773,6,1894,0.0115228025,5836.204768657684,0.5959685,0.0,1191936
630.9,-4.86,-0.011502674,0.002387359,0.8596833199262619,7,1901,0.009444091,5839.942587614059,0.50730324,0.0,1196032
622.34,-4.88,-0.010985827,0.0040431707,0.8459674566984177,6,1907,0.009161568,6269.679119110107,0.52475375,0.0,1200128
630.57,-4.88,-0.010461185,0.0026440446,0.88395144790411,6,1913,0.00819907,6273.545019388199,0.5171535,0.0,1204224
625.33,-4.88,-0.012197215,0.0037384506,0.8435056805610657,7,1920,0.010076945,6277.295808553696,0.511223,0.0,1208320
621.75,-4.88,-0.009918499,0.002639041,0.8606303632259369,7,1927,0.008287958,6281.360750198364,0.50996006,0.0,1212416
620.79,-4.88,-0.011863822,0.0055838544,0.8336279988288879,7,1934,0.011776608,6285.49928855896,0.57708377,0.0,1216512
626.5,-4.86,-0.009334151,0.003306315,0.8204900026321411,5,1939,0.013472959,6289.243637561798,0.54655844,0.0,1220608
626.16,-4.86,-0.010442979,0.002574879,0.8708183020353317,7,1946,0.010428656,6293.221054792404,0.53248906,0.0,1224704
625.44,-4.85,-0.011228808,0.0029580502,0.8901504278182983,6,1952,0.012261692,6297.267827510834,0.5138847,0.0,1228800
630.19,-4.81,-0.011239144,0.0027222265,0.861240491271019,6,1958,0.012487584,6301.006638765335,0.5221901,0.0,1232896
638.01,-4.82,-0.011025975,0.002618175,0.8741210997104645,7,1965,0.009694851,6304.9327301979065,0.5460348,0.0,1236992
637.92,-4.83,-0.010072509,0.0029060645,0.8931600600481033,7,1972,0.009682019,6309.074407339096,0.52313656,0.0,1241088
635.17,-4.83,-0.012620609,0.0031925282,0.8499679863452911,6,1978,0.010569546,6313.22114443779,0.55361617,0.0,1245184
632.62,-4.83,-0.008853296,0.0025197412,0.8676801472902298,7,1985,0.010037985,6317.337671518326,0.4883938,0.0,1249280
633.87,-4.83,-0.01092285,0.0024223495,0.8499305099248886,5,1990,0.010238625,6321.082967281342,0.5641562,0.0,1253376
646.19,-4.82,-0.012629568,0.005143991,0.8618187010288239,6,1996,0.010354579,6325.074377536774,0.6208733,0.0,1257472
637.49,-4.83,-0.008268138,0.0018682568,0.8772203847765923,8,2004,0.009222832,6329.219897508621,0.50100935,0.0,1261568
638.41,-4.81,-0.011535921,0.0032465686,0.8591616302728653,6,2010,0.010211048,6333.364020824432,0.5908447,0.0,1265664
636.3,-4.81,-0.011453115,0.0030725321,0.8560723662376404,6,2016,0.0099813575,6337.514019489288,0.5644852,0.0,1269760
643.03,-4.81,-0.010285411,0.0026476902,0.876171387732029,7,2023,0.008765876,6341.657306194305,0.58259314,0.0,1273856
644.59,-4.8,-0.01008482,0.0030114285,0.860731452703476,6,2029,0.010400392,6345.806624412537,0.59554887,0.0,1277952
637.19,-4.83,-0.008362402,0.002676868,0.8789888918399811,7,2036,0.008253543,6349.95565199852,0.5781291,0.0,1282048
642.71,-4.85,-0.011742976,0.0028279212,0.8338015973567963,6,2042,0.009439593,6354.097662687302,0.5966296,0.0,1286144
646.48,-4.86,-0.009637328,0.0034639987,0.8338638097047806,6,2048,0.010477562,6358.238760471344,0.61314845,0.0,1290240
641.63,-4.88,-0.010722187,0.0032596458,0.8575390577316284,6,2054,0.0090586925,6362.382033586502,0.5776163,0.0,1294336
636.52,-4.89,-0.008712501,0.0029521412,0.8772355765104294,7,2061,0.010279923,6366.524123907089,0.5216842,0.0,1298432
638.93,-4.88,-0.010595847,0.0036987178,0.8524756580591202,6,2067,0.01076604,6792.815505504608,0.55465674,0.0,1302528
640.65,-4.88,-0.008338782,0.0032860977,0.8868155032396317,7,2074,0.009052976,6796.98441696167,0.5514318,0.0,1306624
635.61,-4.88,-0.009832715,0.0022252668,0.860670804977417,7,2081,0.009363025,6801.157567977905,0.51056594,0.0,1310720
635.37,-4.88,-0.010495084,0.0026726287,0.8930627852678299,7,2088,0.008656389,6805.336755514145,0.55480784,0.0,1314816
622.57,-4.9,-0.010287805,0.0033768592,0.8637072443962097,7,2095,0.009763739,6809.520776987076,0.54313856,0.0,1318912
623.61,-4.88,-0.010775391,0.0027633437,0.8867994025349617,6,2101,0.010407061,6813.694851636887,0.5629654,0.0,1323008
625.75,-4.88,-0.010983524,0.0027288706,0.8526557981967926,7,2108,0.010991593,6817.86873292923,0.52042145,0.0,1327104
626.53,-4.86,-0.011230167,0.0029500863,0.8487926125526428,6,2114,0.011985379,6822.042832374573,0.5879626,0.0,1331200
631.57,-4.85,-0.013162753,0.0031992977,0.8297423720359802,6,2120,0.011923338,6826.2206909656525,0.5486077,0.0,1335296
632.11,-4.86,-0.01258713,0.0033402566,0.8589829951524734,7,2127,0.010059251,6830.404606819153,0.56114537,0.0,1339392
633.92,-4.84,-0.012053142,0.003514109,0.836075022816658,6,2133,0.01165122,6834.591012477875,0.53271705,0.0,1343488
630.4,-4.82,-0.011079864,0.0028025366,0.8541752099990845,6,2139,0.011253653,6838.7681584358215,0.56343544,0.0,1347584
626.82,-4.84,-0.011284334,0.0026898386,0.8268176466226578,7,2146,0.0108577525,6842.945060253143,0.56728137,0.0,1351680
623.38,-4.82,-0.008580094,0.002921139,0.8716747015714645,7,2153,0.012354496,6847.125576257706,0.52770793,0.0,1355776
620.78,-4.83,-0.010328047,0.0023969694,0.8537341803312302,7,2160,0.009573386,6851.301670074463,0.4632038,0.0,1359872
618.61,-4.84,-0.010158876,0.0026443787,0.869196355342865,7,2167,0.010745691,6855.475284576416,0.52036136,0.0,1363968
613.49,-4.84,-0.010215368,0.0023577386,0.8875835314393044,7,2174,0.008813888,6859.448529005051,0.4987324,0.0,1368064
617.36,-4.82,-0.011521938,0.003913326,0.8562954515218735,6,2180,0.010776591,6863.570019960403,0.5160539,0.0,1372160
618.34,-4.8,-0.011151398,0.0032261512,0.8526546955108643,7,2187,0.01243781,6867.745295286179,0.5594055,0.0,1376256
624.36,-4.8,-0.010205396,0.0031001617,0.8439007699489594,6,2193,0.010521018,6871.926237106323,0.55619925,0.0,1380352
624.58,-4.8,-0.011096286,0.0028978833,0.8577475249767303,7,2200,0.01099584,6876.105263710022,0.54682094,0.0,1384448
628.23,-4.79,-0.010010956,0.0023092679,0.8449803292751312,6,2206,0.012217832,6880.279264688492,0.5326928,0.0,1388544
628.75,-4.8,-0.009486783,0.0030226072,0.8808963000774384,6,2212,0.008514222,6884.456528186798,0.583496,0.0,1392640
623.68,-4.81,-0.0097391615,0.0028253684,0.8717972487211227,7,2219,0.010740319,6888.630363941193,0.5318632,0.0,1396736
628.34,-4.81,-0.009705983,0.0025143377,0.8396677672863007,6,2225,0.012591009,7313.2586126327515,0.52323216,0.0,1400832
624.73,-4.79,-0.009578993,0.0027949386,0.8528630584478378,6,2231,0.014347024,7317.187559604645,0.5531038,0.0,1404928
620.28,-4.8,-0.009429948,0.0027330222,0.8328229933977127,7,2238,0.0121228555,7320.965932369232,0.5221495,0.0,1409024
624.22,-4.79,-0.011774029,0.0048327646,0.8565060049295425,6,2244,0.012013762,7324.8065350055695,0.54771787,0.0,1413120
630.5,-4.79,-0.01165709,0.002814936,0.872760459780693,6,2250,0.009936503,7328.973677635193,0.53438115,0.0,1417216
630.99,-4.81,-0.009251174,0.002745718,0.8492434471845627,7,2257,0.009184921,7333.150784492493,0.5236615,0.0,1421312
636.75,-4.81,-0.011901528,0.0027759855,0.8633201420307159,6,2263,0.009070871,7337.14127779007,0.560811,0.0,1425408
649.61,-4.8,-0.011886344,0.0030239811,0.84831403195858,5,2268,0.0099830935,7341.170944452286,0.57245743,0.0,1429504
649.04,-4.8,-0.009097328,0.0026240882,0.8537457585334778,7,2275,0.00990442,7345.247823238373,0.48269796,0.0,1433600
643.22,-4.81,-0.009658437,0.0027367037,0.8321520388126373,8,2283,0.010492435,7349.424811840057,0.48790056,0.0,1437696
642.37,-4.83,-0.008041039,0.0028896893,0.8527501225471497,6,2289,0.00938855,7353.606377124786,0.48841402,0.0,1441792
639.16,-4.84,-0.01018046,0.0022204674,0.8791626766324043,6,2295,0.00941375,7357.79175901413,0.49541128,0.0,1445888
643.2,-4.84,-0.010837627,0.002781289,0.8688203692436218,7,2302,0.008759529,7361.968390703201,0.53813297,0.0,1449984
642.65,-4.84,-0.010457821,0.0032598735,0.8695726096630096,6,2308,0.010348235,7366.1477427482605,0.5560851,0.0,1454080
641.83,-4.85,-0.010321764,0.002621743,0.8503745049238205,6,2314,0.010188997,7370.32391667366,0.46871176,0.0,1458176
643.71,-4.87,-0.011407701,0.0034981465,0.8439669609069824,6,2320,0.010221609,7374.501970291138,0.5818903,0.0,1462272
639.23,-4.88,-0.008710612,0.002201241,0.8782456591725349,7,2327,0.009033839,7378.681485652924,0.51726216,0.0,1466368
640.21,-4.91,-0.010337427,0.002321168,0.8443264961242676,7,2334,0.009921127,7382.8554537296295,0.45364982,0.0,1470464
635.51,-4.92,-0.010976467,0.0026803017,0.7952514439821243,7,2341,0.010837035,7387.036389827728,0.5088572,0.0,1474560
634.68,-4.9,-0.012098274,0.0030584096,0.8135248124599457,6,2347,0.014860431,7391.209753274918,0.50941426,0.0,1478656
632.81,-4.9,-0.010987569,0.0025396359,0.8599541038274765,7,2354,0.008311231,7395.38481426239,0.50894684,0.0,1482752
630.92,-4.9,-0.008540199,0.0021842292,0.871351957321167,7,2361,0.008984156,7399.561712265015,0.45912415,0.0,1486848
623.72,-4.88,-0.010675302,0.002649337,0.810171902179718,6,2367,0.012229362,7403.733802556992,0.48892778,0.0,1490944
619.28,-4.87,-0.0111122485,0.002506456,0.8627068549394608,7,2374,0.0110599045,7407.9071934223175,0.50849557,0.0,1495040
631.07,-4.87,-0.011131183,0.002772123,0.8361022770404816,6,2380,0.010718919,7412.084149122238,0.54188234,0.0,1499136
625.07,-4.88,-0.009636123,0.0022853587,0.8567174077033997,7,2387,0.01069484,7844.292623996735,0.4492568,0.0,1503232
622.3,-4.86,-0.011015846,0.0023967614,0.8583598285913467,7,2394,0.011831475,7848.195029258728,0.4879648,0.0,1507328
624.08,-4.87,-0.01088446,0.0034312778,0.8577699214220047,6,2400,0.008957253,7852.372518777847,0.52533454,0.0,1511424
622.47,-4.85,-0.010874163,0.0035502242,0.8825771287083626,7,2407,0.0107134925,7856.550295114517,0.50860935,0.0,1515520
617.86,-4.85,-0.011897518,0.003627775,0.8702618330717087,7,2414,0.00978678,7860.730845689774,0.51999015,0.0,1519616
617.98,-4.84,-0.010090217,0.0022055807,0.8531835377216339,6,2420,0.012143292,7864.910777568817,0.5190176,0.0,1523712
620.68,-4.83,-0.009666232,0.002598259,0.8536022305488586,6,2426,0.011141522,7869.089713811874,0.4756707,0.0,1527808
620.5,-4.81,-0.0091193225,0.0021467833,0.8546100109815598,7,2433,0.012725715,7873.270906925201,0.4867095,0.0,1531904
622.92,-4.79,-0.010002203,0.0029103633,0.8527917265892029,7,2440,0.012178076,7877.446861982346,0.44831294,0.0,1536000
619.58,-4.79,-0.009775034,0.0027413333,0.8756923079490662,6,2446,0.01190817,7881.626853466034,0.49836648,0.0,1540096
625.21,-4.77,-0.010514802,0.0030065312,0.8621132224798203,6,2452,0.0110353725,7885.808958292007,0.464588,0.0,1544192
623.07,-4.75,-0.009327592,0.002221389,0.8678008019924164,7,2459,0.011088764,7889.6674020290375,0.4565454,0.0,1548288
627.0,-4.76,-0.011491015,0.002446129,0.8327741175889969,6,2465,0.012303826,7893.76990032196,0.4792955,0.0,1552384
631.07,-4.76,-0.0097182365,0.0021777549,0.850517064332962,6,2471,0.0126410015,7897.950573205948,0.4566162,0.0,1556480
631.22,-4.74,-0.011723747,0.002595134,0.8408626317977905,6,2477,0.011268404,7902.127352952957,0.5348379,0.0,1560576
630.27,-4.74,-0.008867954,0.0026561655,0.8721940368413925,7,2484,0.009791271,7906.306833028793,0.49120897,0.0,1564672
630.57,-4.75,-0.008349877,0.002438803,0.8631696105003357,6,2490,0.009492191,7910.265230417252,0.4839019,0.0,1568768
640.64,-4.72,-0.010124609,0.0021306993,0.8402709066867828,6,2496,0.01263338,7914.03776884079,0.49250293,0.0,1572864
635.98,-4.71,-0.00951882,0.0022279075,0.8772760331630707,8,2504,0.010575438,7918.013542890549,0.44817784,0.0,1576960
636.2,-4.73,-0.011062226,0.0032192147,0.8696043342351913,6,2510,0.012305752,7921.796102762222,0.4791829,0.0,1581056
638.64,-4.72,-0.0089484295,0.00319259,0.8580297082662582,6,2516,0.012196282,7925.571796655655,0.48031992,0.0,1585152
633.97,-4.72,-0.009271233,0.002576684,0.8582010716199875,7,2523,0.00949883,7929.348723649979,0.45462725,0.0,1589248
635.42,-4.74,-0.010022221,0.0021547438,0.8436010181903839,6,2529,0.009013286,7933.245619297028,0.47964323,0.0,1593344
640.27,-4.74,-0.0101414295,0.0027971056,0.8461475074291229,6,2535,0.011960119,7937.383597612381,0.48887983,0.0,1597440
646.07,-4.74,-0.00887586,0.0022572952,0.8400346636772156,6,2541,0.012646912,8374.52421784401,0.43382412,0.0,1601536
637.87,-4.79,-0.009788468,0.0033258176,0.899839237332344,7,2548,0.008543933,8378.496892690659,0.47768947,0.0,1605632
637.41,-4.79,-0.009171484,0.0023226924,0.8763782829046249,7,2555,0.010306193,8382.298595905304,0.43964592,0.0,1609728
631.89,-4.81,-0.008214311,0.0022117447,0.8603329211473465,7,2562,0.010074798,8386.074384450912,0.428477,0.0,1613824
629.23,-4.83,-0.009926622,0.002302333,0.842635378241539,7,2569,0.010289659,8389.983738422394,0.455764,0.0,1617920
631.63,-4.83,-0.011402619,0.002466296,0.8359961807727814,6,2575,0.013010311,8393.757585048676,0.49068427,0.0,1622016
629.65,-4.81,-0.010682266,0.0020772454,0.8336426764726639,6,2581,0.014212845,8397.835668087006,0.515699,0.0,1626112
630.31,-4.81,-0.01003696,0.0023250533,0.8512571007013321,7,2588,0.011112714,8401.8010597229,0.461975,0.0,1630208
624.08,-4.85,-0.009328036,0.002392641,0.8696656078100204,7,2595,0.0104654385,8405.965191602707,0.44395217,0.0,1634304
631.4,-4.84,-0.009290345,0.0016790906,0.8498815894126892,6,2601,0.009719702,8410.128222703934,0.46676612,0.0,1638400
632.06,-4.84,-0.010006494,0.0022509568,0.8742043077945709,7,2608,0.010694541,8414.288818359375,0.46124512,0.0,1642496
632.04,-4.85,-0.011627838,0.0030482213,0.8697010576725006,6,2614,0.008685788,8418.329405546188,0.50638306,0.0,1646592
630.9,-4.85,-0.0100647705,0.0024780508,0.8593432009220123,7,2621,0.011605501,8422.396889686584,0.4595257,0.0,1650688
624.73,-4.85,-0.008747314,0.002710386,0.8576887100934982,7,2628,0.009940913,8426.574716091156,0.44027025,0.0,1654784
627.16,-4.86,-0.009797404,0.003489018,0.8379368484020233,5,2633,0.010678698,8430.7386033535,0.5432562,0.0,1658880
623.69,-4.88,-0.0084632365,0.0022106133,0.8811746537685394,7,2640,0.008692766,8434.901098251343,0.48893195,0.0,1662976
624.05,-4.88,-0.010114215,0.002432238,0.87314872443676,6,2646,0.008492101,8439.064680337906,0.49563074,0.0,1667072
628.5,-4.86,-0.010432022,0.0022159496,0.8346742689609528,7,2653,0.011139933,8443.226608753204,0.4782455,0.0,1671168
631.95,-4.87,-0.009126528,0.0023842396,0.8871987164020538,6,2659,0.008389863,8447.382934093475,0.46902284,0.0,1675264
635.84,-4.84,-0.0074628345,0.0022816323,0.8603233695030212,6,2665,0.011811207,8451.490877628326,0.46289015,0.0,1679360
643.89,-4.83,-0.010109798,0.0023321377,0.8430063724517822,6,2671,0.0092504835,8455.651546239853,0.49680215,0.0,1683456
641.41,-4.81,-0.008743317,0.0019199654,0.8697565197944641,7,2678,0.012182487,8459.82159280777,0.4682547,0.0,1687552
640.4,-4.83,-0.010110642,0.0025974018,0.8752967044711113,6,2684,0.010831343,8463.99118757248,0.49598882,0.0,1691648
642.97,-4.83,-0.010379547,0.0024972665,0.8607844263315201,6,2690,0.009125908,8467.86144733429,0.52034855,0.0,1695744
635.87,-4.82,-0.009544988,0.0024465348,0.8684745281934738,7,2697,0.011035942,8471.624418497086,0.47285995,0.0,1699840
644.43,-4.82,-0.010244578,0.0023864813,0.8445781618356705,6,2703,0.011098406,8907.313311338425,0.52826464,0.0,1703936
643.07,-4.82,-0.01102744,0.0033209447,0.8575551211833954,7,2710,0.010949446,8911.080975294113,0.49398932,0.0,1708032
638.63,-4.82,-0.010082858,0.0018016433,0.8673619776964188,6,2716,0.009631766,8915.035847187042,0.47393057,0.0,1712128
643.71,-4.8,-0.010689966,0.0028560378,0.8058134317398071,6,2722,0.011345477,8919.21474647522,0.4874108,0.0,1716224
645.77,-4.79,-0.010767013,0.0030132707,0.81820447742939,7,2729,0.012544197,8923.381041049957,0.5204668,0.0,1720320
641.81,-4.79,-0.008539637,0.0022835159,0.8826000019907951,6,2735,0.009888192,8927.47655749321,0.4747304,0.0,1724416
640.43,-4.79,-0.009464932,0.0020567714,0.8841261267662048,7,2742,0.009279856,8931.241978883743,0.49252406,0.0,1728512
635.79,-4.79,-0.009757548,0.0024069878,0.8568906038999557,7,2749,0.010925069,8935.011840581894,0.46221423,0.0,1732608
632.94,-4.8,-0.009996619,0.0026130248,0.8617072105407715,7,2756,0.009556367,8939.13226366043,0.4749865,0.0,1736704
624.43,-4.81,-0.00871457,0.0020050714,0.8581648916006088,7,2763,0.009539826,8943.298537492752,0.4570191,0.0,1740800
624.92,-4.79,-0.010148702,0.0032041047,0.8210877776145935,6,2769,0.011505835,8947.088050603867,0.48682177,0.0,1744896
632.0,-4.81,-0.012453127,0.003248784,0.8470437228679657,5,2774,0.009707257,8950.871186256409,0.50837725,0.0,1748992
638.58,-4.82,-0.009348648,0.0020872464,0.8684030622243881,7,2781,0.010227348,8954.704780340195,0.48360583,0.0,1753088
635.59,-4.83,-0.008969688,0.0018081091,0.8653829991817474,6,2787,0.009457719,8958.641020774841,0.44898432,0.0,1757184
633.11,-4.82,-0.0109729,0.0029482504,0.879491351544857,6,2793,0.010181859,8962.410413742065,0.51581746,0.0,1761280
640.49,-4.81,-0.008856251,0.0023744884,0.8732058107852936,6,2799,0.009589947,8966.27590084076,0.48684213,0.0,1765376
644.72,-4.82,-0.012514064,0.0030944287,0.8639256358146667,5,2804,0.00894528,8970.041480779648,0.5053335,0.0,1769472
647.41,-4.81,-0.010540624,0.0026785233,0.8669826686382294,7,2811,0.011353198,8973.800915002823,0.47495773,0.0,1773568
646.9,-4.81,-0.011596674,0.0019714087,0.8211743831634521,6,2817,0.012486465,8977.614317417145,0.47258496,0.0,1777664
647.61,-4.81,-0.011023001,0.0029548698,0.8675403445959091,7,2824,0.009580227,8981.37033867836,0.47541487,0.0,1781760
650.09,-4.83,-0.011508991,0.0024509903,0.8768584430217743,6,2830,0.008128156,8985.262480974197,0.5177522,0.0,1785856
650.83,-4.83,-0.008108327,0.0023771846,0.8940238207578659,6,2836,0.00836881,8989.160183906555,0.47623673,0.0,1789952
656.93,-4.81,-0.009646261,0.0024673648,0.8549878746271133,6,2842,0.010579625,8992.920914411545,0.5291316,0.0,1794048
653.71,-4.81,-0.008869202,0.0023137056,0.8837259709835052,8,2850,0.0109046465,8996.68832373619,0.47345906,0.0,1798144
658.56,-4.8,-0.010953823,0.0030757422,0.8674538284540176,6,2856,0.011097679,9436.744309425354,0.49187478,0.0,1802240
652.8,-4.78,-0.008207564,0.0017232266,0.8830702677369118,8,2864,0.012358889,9440.916091442108,0.4256417,0.0,1806336
654.9,-4.81,-0.009487453,0.002313723,0.8551710098981857,5,2869,0.010321754,9444.713891267776,0.50111645,0.0,1810432
650.23,-4.78,-0.010936884,0.0024260238,0.8593019098043442,6,2875,0.011994783,9448.47752404213,0.53322375,0.0,1814528
651.72,-4.78,-0.009832445,0.0024419255,0.8655746877193451,6,2881,0.009472167,9452.241557836533,0.51681316,0.0,1818624
655.86,-4.77,-0.008557881,0.0019952436,0.8302618265151978,6,2887,0.011284787,9456.300577402115,0.5056111,0.0,1822720
643.61,-4.79,-0.009048911,0.0020929577,0.8244248777627945,7,2894,0.011899977,9460.4750790596,0.47684515,0.0,1826816
640.72,-4.8,-0.008972353,0.0020377752,0.8989791572093964,6,2900,0.008203105,9464.605160474777,0.45591086,0.0,1830912
636.86,-4.8,-0.010453119,0.0029079306,0.8852856904268265,7,2907,0.0095178895,9468.640089511871,0.5006139,0.0,1835008
640.87,-4.8,-0.009167848,0.002012941,0.8961369842290878,6,2913,0.008947529,9472.420642852783,0.49849278,0.0,1839104
636.96,-4.82,-0.008824773,0.002586634,0.8691279739141464,7,2920,0.00999379,9476.397067546844,0.48699927,0.0,1843200
632.75,-4.82,-0.010667056,0.002652836,0.8587673306465149,7,2927,0.0105553055,9480.563883781433,0.465104,0.0,1847296
632.31,-4.82,-0.011774584,0.0024049703,0.8513657450675964,7,2934,0.008867079,9484.741150140762,0.4821477,0.0,1851392
625.35,-4.83,-0.007896389,0.0022044703,0.8614385724067688,7,2941,0.01073772,9488.915408611298,0.45378914,0.0,1855488
628.45,-4.83,-0.00993254,0.0031500023,0.8729102909564972,6,2947,0.009583715,9493.086688518524,0.51702344,0.0,1859584
629.27,-4.84,-0.00868319,0.0020300162,0.8475783318281174,7,2954,0.010865327,9497.107496738434,0.4688136,0.0,1863680
636.4,-4.82,-0.0108910855,0.0026211448,0.8491289913654327,6,2960,0.013091969,9500.883330583572,0.5387208,0.0,1867776
638.95,-4.84,-0.010314224,0.0022846963,0.8669377416372299,6,2966,0.010374614,9504.653572320938,0.50576574,0.0,1871872
636.14,-4.85,-0.009967432,0.0021121106,0.8756670579314232,6,2972,0.009617938,9508.716443538666,0.50911164,0.0,1875968
631.09,-4.83,-0.009879386,0.0024120724,0.8329412341117859,7,2979,0.012284674,9512.892262935638,0.5331353,0.0,1880064
622.87,-4.84,-0.007571861,0.0018362722,0.8469845354557037,7,2986,0.010189426,9516.924977064133,0.4615459,0.0,1884160
624.43,-4.83,-0.008982755,0.0020094872,0.873177632689476,6,2992,0.009614049,9520.700120687485,0.4676867,0.0,1888256
626.67,-4.82,-0.011385801,0.0025309445,0.8537611812353134,6,2998,0.010891103,9524.636327028275,0.54046226,0.0,1892352
630.5,-4.83,-0.0069893776,0.0017768678,0.876076228916645,7,3005,0.010662043,9528.406309127808,0.49229804,0.0,1896448
626.81,-4.83,-0.008354016,0.002120846,0.8786284849047661,7,3012,0.009740468,9960.47166633606,0.4731735,0.0,1900544
627.93,-4.82,-0.009313878,0.0028203311,0.8565260469913483,6,3018,0.0112274345,9965.143520355225,0.48310125,0.0,1904640
632.79,-4.82,-0.0103570325,0.0026224225,0.8596161901950836,7,3025,0.010892299,9969.820274829865,0.4888261,0.0,1908736
630.3,-4.82,-0.010364907,0.0018802277,0.8736059218645096,6,3031,0.009220752,9974.034528493881,0.51928085,0.0,1912832
636.08,-4.8,-0.008833943,0.0025267485,0.8579864054918289,6,3037,0.010555374,9978.205034017563,0.48516783,0.0,1916928
629.23,-4.82,-0.009071384,0.001811489,0.8804966732859612,7,3044,0.010273524,9982.374534845352,0.44587246,0.0,1921024
632.69,-4.81,-0.008210783,0.0017621572,0.884983740746975,7,3051,0.010025508,9986.445082902908,0.46766585,0.0,1925120
624.88,-4.83,-0.00881206,0.0022996634,0.8609570413827896,7,3058,0.010638033,9990.385696172714,0.49479935,0.0,1929216
624.19,-4.84,-0.00761736,0.0024206676,0.8860308304429054,7,3065,0.00927351,9994.551348924637,0.48236862,0.0,1933312
618.22,-4.83,-0.0090769,0.0018211304,0.8569265604019165,7,3072,0.010643792,9998.718371152878,0.4393207,0.0,1937408
615.94,-4.86,-0.011677958,0.0022760949,0.837694376707077,6,3078,0.009678776,10002.863703727722,0.45677716,0.0,1941504
616.42,-4.86,-0.009718077,0.0020871675,0.8346943259239197,7,3085,0.009621308,10007.032491445541,0.47820163,0.0,1945600
617.99,-4.86,-0.009742571,0.0024580008,0.8490444123744965,7,3092,0.009118175,10010.820297718048,0.45888412,0.0,1949696
616.69,-4.88,-0.009277874,0.0016732459,0.8626775741577148,6,3098,0.00956851,10014.93157172203,0.4444201,0.0,1953792
610.47,-4.88,-0.008869082,0.0018506984,0.8635317981243134,7,3105,0.009926282,10018.754701852798,0.41724488,0.0,1957888
615.09,-4.87,-0.010401805,0.0024162354,0.8580099940299988,6,3111,0.009974236,10022.539885759354,0.47020173,0.0,1961984
614.69,-4.87,-0.008498464,0.002279251,0.8699986189603806,7,3118,0.010138052,10026.3090569973,0.48597214,0.0,1966080
613.38,-4.86,-0.009004691,0.0016854188,0.8511823117733002,7,3125,0.011030955,10030.08183836937,0.42608488,0.0,1970176
618.29,-4.86,-0.009263655,0.0020641193,0.8871806487441063,5,3130,0.008579436,10033.852261304855,0.4820464,0.0,1974272
615.37,-4.89,-0.00735768,0.0016264434,0.8634525388479233,7,3137,0.010469671,10037.627538204193,0.43132243,0.0,1978368
613.71,-4.88,-0.008082992,0.0021211896,0.862988755106926,7,3144,0.010054335,10041.579166650772,0.45581582,0.0,1982464
611.01,-4.89,-0.00973803,0.002524513,0.8575825840234756,8,3152,0.010563104,10045.346121549606,0.4448157,0.0,1986560
610.21,-4.89,-0.008534634,0.0016306343,0.8545807152986526,6,3158,0.010018198,10049.124143123627,0.4444478,0.0,1990656
611.96,-4.88,-0.008218093,0.0018118633,0.86240454018116,7,3165,0.009855669,10052.894894599915,0.45857155,0.0,1994752
612.92,-4.89,-0.008490057,0.0020822436,0.844918891787529,7,3172,0.011752008,10056.807025432587,0.44765323,0.0,1998848
625.51,-4.89,-0.011121946,0.002510014,0.8339280933141708,5,3177,0.011783685,10488.133050441742,0.46887332,0.0,2002944
629.46,-4.9,-0.010163823,0.0020978546,0.8480956256389618,5,3182,0.0093369065,10492.30929350853,0.50922424,0.0,2007040
638.59,-4.88,-0.009232543,0.0021125833,0.8012286573648453,6,3188,0.012068961,10496.420767068863,0.50576675,0.0,2011136
632.13,-4.89,-0.007936609,0.001823649,0.8402482569217682,7,3195,0.010102317,10500.42376947403,0.46782014,0.0,2015232
641.72,-4.89,-0.008914444,0.0022885392,0.8830051720142365,5,3200,0.007996063,10504.27327466011,0.4826164,0.0,2019328
638.66,-4.9,-0.0071315067,0.001330379,0.8671259880065918,8,3208,0.010425198,10508.0346326828,0.44580677,0.0,2023424
630.67,-4.9,-0.007152718,0.001707986,0.8430617302656174,7,3215,0.010324095,10511.794578075409,0.443563,0.0,2027520
627.17,-4.89,-0.008386784,0.0021531633,0.8509885519742966,7,3222,0.010920024,10515.550286769867,0.43899986,0.0,2031616
624.74,-4.91,-0.0071053756,0.0016669204,0.8600039631128311,7,3229,0.009898145,10519.324372768402,0.4360706,0.0,2035712
624.66,-4.88,-0.009037899,0.0019252668,0.7943978905677795,7,3236,0.013729429,10523.154029846191,0.48871556,0.0,2039808
627.38,-4.86,-0.007877358,0.002309294,0.8606619089841843,6,3242,0.01031168,10526.92930674553,0.43529442,0.0,2043904
630.45,-4.86,-0.008303894,0.0017937133,0.8611094504594803,7,3249,0.010065134,10530.704347610474,0.47268036,0.0,2048000
625.34,-4.86,-0.0073990203,0.0021378598,0.886677086353302,7,3256,0.00884036,10534.495218038559,0.46715447,0.0,2052096
629.82,-4.85,-0.009164549,0.00201531,0.8638947606086731,6,3262,0.011632193,10538.306879997253,0.47204775,0.0,2056192
634.29,-4.84,-0.009322845,0.0019564212,0.8542484641075134,7,3269,0.011826677,10542.360918283463,0.44621414,0.0,2060288
626.49,-4.83,-0.0073240334,0.0012754785,0.8582131713628769,6,3275,0.010191869,10546.5246925354,0.43681344,0.0,2064384
614.0,-4.83,-0.008240333,0.0022398022,0.8660999238491058,7,3282,0.010590057,10550.695816040039,0.47131702,0.0,2068480
610.43,-4.85,-0.006869726,0.0014174402,0.8915011882781982,7,3289,0.008474224,10554.865437746048,0.42958373,0.0,2072576
607.97,-4.85,-0.008425659,0.0023545707,0.8802502527832985,7,3296,0.008708163,10559.039135932922,0.4806161,0.0,2076672
606.98,-4.84,-0.009197049,0.0020535977,0.821722224354744,5,3301,0.012130155,10563.192696094513,0.50569373,0.0,2080768
615.01,-4.82,-0.008034783,0.0018338688,0.8533899486064911,7,3308,0.010762421,10567.076301336288,0.45188087,0.0,2084864
618.25,-4.83,-0.007484021,0.0014358102,0.8568753302097321,7,3315,0.009794551,10570.849731445312,0.43738988,0.0,2088960
624.55,-4.82,-0.007969987,0.0024011014,0.8155716955661774,5,3320,0.013394004,10574.620010614395,0.48940527,0.0,2093056
631.44,-4.8,-0.009676211,0.0017075139,0.8447287976741791,6,3326,0.010578474,10578.388989925385,0.47517878,0.0,2097152
640.64,-4.8,-0.0076994873,0.0015093656,0.8567553758621216,6,3332,0.009063843,11015.655315876007,0.48576272,0.0,2101248
637.71,-4.83,-0.008083446,0.0018733128,0.883378155529499,7,3339,0.008814454,11019.411101579666,0.50549763,0.0,2105344
630.58,-4.84,-0.007619493,0.001637581,0.8637125045061111,7,3346,0.011052443,11023.164093732834,0.42584315,0.0,2109440
633.75,-4.85,-0.008034101,0.0017447247,0.8802684172987938,7,3353,0.009143511,11026.92424607277,0.42624635,0.0,2113536
629.88,-4.85,-0.00867812,0.0016672328,0.8673016875982285,7,3360,0.010129959,11030.685762882233,0.45566133,0.0,2117632
629.94,-4.84,-0.008852183,0.0019652275,0.8702109158039093,6,3366,0.010092912,11034.455431938171,0.44183403,0.0,2121728
633.96,-4.82,-0.008403314,0.0018857919,0.8713016659021378,6,3372,0.011614922,11038.225799798965,0.43983287,0.0,2125824
633.57,-4.81,-0.008013347,0.00231356,0.8621709197759628,7,3379,0.013183809,11042.162509441376,0.4335414,0.0,2129920
628.5,-4.8,-0.007448308,0.0015027791,0.8725116848945618,8,3387,0.010117655,11046.134377479553,0.4115677,0.0,2134016
631.38,-4.79,-0.008565875,0.0018523685,0.8349407613277435,6,3393,0.010408056,11050.265781879425,0.4794442,0.0,2138112
638.02,-4.77,-0.0076435134,0.0016666546,0.8625886291265488,6,3399,0.010255254,11054.093584060669,0.46997225,0.0,2142208
635.53,-4.79,-0.009579118,0.0020411583,0.8674567192792892,6,3405,0.007702163,11057.866667509079,0.46402147,0.0,2146304
632.91,-4.78,-0.008047225,0.0016129401,0.8388550579547882,7,3412,0.013044696,11061.79303431511,0.42320597,0.0,2150400
638.66,-4.78,-0.007926252,0.0018557643,0.8325204104185104,5,3417,0.0113377655,11065.680290937424,0.5104577,0.0,2154496
631.65,-4.8,-0.009141473,0.0018400839,0.8341005444526672,6,3423,0.010513536,11069.483103275299,0.44899225,0.0,2158592
635.89,-4.79,-0.00941112,0.0019432823,0.8730862587690353,6,3429,0.009352988,11073.544717788696,0.4969101,0.0,2162688
629.18,-4.79,-0.0068167457,0.0021491444,0.867200568318367,7,3436,0.010692006,11077.30330324173,0.43959814,0.0,2166784
635.43,-4.77,-0.0083237495,0.0018738124,0.8408451229333878,6,3442,0.011010726,11081.059891462326,0.44746125,0.0,2170880
647.25,-4.77,-0.010465302,0.0020081857,0.862438753247261,6,3448,0.008714214,11084.824613571167,0.4604001,0.0,2174976
646.83,-4.76,-0.007025971,0.0013677363,0.8678397387266159,7,3455,0.009423945,11088.592403888702,0.4277348,0.0,2179072
645.0,-4.77,-0.008190371,0.0017920269,0.8615170121192932,6,3461,0.010241414,11092.362940788269,0.47887996,0.0,2183168
652.86,-4.79,-0.007754319,0.0016956746,0.8779707700014114,5,3466,0.008094619,11096.128108978271,0.43708614,0.0,2187264
655.61,-4.79,-0.0069944244,0.002108553,0.8757706806063652,6,3472,0.009540475,11100.122646570206,0.4555427,0.0,2191360
651.75,-4.81,-0.007537139,0.0017212419,0.8086016923189163,7,3479,0.010026766,11103.932772397995,0.42174366,0.0,2195456
661.11,-4.8,-0.009075259,0.002101104,0.8542151153087616,6,3485,0.009414356,11107.712227106094,0.44605893,0.0,2199552
669.12,-4.79,-0.007863562,0.001627843,0.8544132709503174,6,3491,0.011068696,11527.081078529358,0.43323165,0.0,2203648
654.37,-4.81,-0.005784655,0.0016722585,0.8722448498010635,8,3499,0.00961301,11531.2545170784,0.41637525,0.0,2207744
655.37,-4.8,-0.008776252,0.0015976604,0.8637654632329941,6,3505,0.009682396,11535.42239189148,0.50067466,0.0,2211840
666.33,-4.81,-0.00893976,0.0017494446,0.8459644615650177,5,3510,0.009149752,11539.588747501373,0.4845631,0.0,2215936
664.56,-4.78,-0.007943136,0.001966107,0.859441339969635,6,3516,0.011469302,11543.763355255127,0.43525508,0.0,2220032
656.7,-4.8,-0.00926552,0.0018415989,0.8596924394369125,7,3523,0.0097410185,11547.939831733704,0.45964196,0.0,2224128
657.05,-4.82,-0.0090688355,0.0018593094,0.8814567849040031,6,3529,0.009241203,11552.106827497482,0.43796358,0.0,2228224
662.48,-4.82,-0.008474703,0.0019507379,0.8755674436688423,6,3535,0.009510544,11556.27350306511,0.4597514,0.0,2232320
663.93,-4.84,-0.0076886257,0.0014030911,0.892410159111023,6,3541,0.010544105,11560.448688983917,0.4807729,0.0,2236416
654.14,-4.84,-0.007507446,0.0015399572,0.8633372783660889,7,3548,0.010608305,11564.6179728508,0.44515204,0.0,2240512
659.75,-4.83,-0.008727608,0.0016353521,0.8571307361125946,6,3554,0.011333991,11568.793290376663,0.47825155,0.0,2244608
659.32,-4.83,-0.0093154535,0.0018215228,0.857746422290802,5,3559,0.009545077,11572.959995508194,0.47200003,0.0,2248704
662.36,-4.84,-0.00647621,0.0011356864,0.8588397651910782,6,3565,0.011554546,11577.131816387177,0.44152832,0.0,2252800
657.98,-4.84,-0.00789384,0.0014399905,0.8580447137355804,7,3572,0.0102491975,11581.295382976532,0.47968096,0.0,2256896
662.78,-4.82,-0.008283103,0.0017182608,0.8498739749193192,6,3578,0.012462219,11585.440062522888,0.4452423,0.0,2260992
652.56,-4.84,-0.0077187014,0.0017202278,0.8772028610110283,7,3585,0.009733465,11589.447907924652,0.45779467,0.0,2265088
643.96,-4.84,-0.008656072,0.0016970993,0.8577126413583755,7,3592,0.009719844,11593.614977359772,0.46195114,0.0,2269184
657.14,-4.82,-0.009964593,0.0020027698,0.847650945186615,6,3598,0.010946391,11597.788191318512,0.48447618,0.0,2273280
659.76,-4.83,-0.009350817,0.0018499424,0.8675233274698257,6,3604,0.010267927,11601.956802368164,0.48591548,0.0,2277376
649.75,-4.83,-0.007057107,0.0015194023,0.8864563331007957,7,3611,0.009273503,11606.128930807114,0.42593557,0.0,2281472
647.93,-4.85,-0.007452552,0.0017255294,0.8915255516767502,6,3617,0.009782826,11610.299895524979,0.48205617,0.0,2285568
648.88,-4.86,-0.008308698,0.0015400181,0.8703092485666275,7,3624,0.009855251,11614.478521585464,0.4431188,0.0,2289664
655.6,-4.85,-0.008439251,0.0017330095,0.85856032371521,5,3629,0.009201173,11618.660149812698,0.4657383,0.0,2293760
656.41,-4.83,-0.007833235,0.001598795,0.8803196102380753,6,3635,0.010546406,11622.828158378601,0.43999013,0.0,2297856
662.51,-4.8,-0.008660236,0.0017651884,0.8400217145681381,5,3640,0.013467774,12055.424428462982,0.44639087,0.0,2301952
660.71,-4.8,-0.006521264,0.0014202965,0.873227134346962,7,3647,0.009361234,12059.584437847137,0.41634253,0.0,2306048
655.93,-4.81,-0.008467944,0.0011805529,0.8699249476194382,7,3654,0.009455178,12063.751871585846,0.44343215,0.0,2310144
646.36,-4.81,-0.008173055,0.0015343172,0.860739678144455,7,3661,0.009514846,12067.921771287918,0.39259857,0.0,2314240
643.3,-4.82,-0.0070026065,0.0014688816,0.8787604123353958,6,3667,0.009503942,12072.084059715271,0.43054888,0.0,2318336
652.04,-4.83,-0.008138668,0.0015428169,0.864797905087471,5,3672,0.008802234,12076.186075925827,0.48011303,0.0,2322432
654.62,-4.83,-0.009573591,0.0019693226,0.8438210636377335,6,3678,0.01164475,12079.949409246445,0.46173933,0.0,2326528
656.15,-4.79,-0.007879129,0.0015490373,0.8579290509223938,7,3685,0.012586848,12083.79436302185,0.45760357,0.0,2330624
658.28,-4.8,-0.008332475,0.0012592934,0.8831900656223297,7,3692,0.010157362,12087.828919887543,0.42030084,0.0,2334720
664.07,-4.81,-0.01104013,0.002011928,0.736635148525238,5,3697,0.011770629,12091.852395534515,0.4817295,0.0,2338816
649.94,-4.83,-0.00668101,0.0013453722,0.8420260101556778,8,3705,0.009510508,12095.848195552826,0.3945984,0.0,2342912
656.08,-4.82,-0.0075938264,0.0016991099,0.8769233003258705,6,3711,0.0098844385,12099.748718738556,0.47602427,0.0,2347008
653.75,-4.81,-0.008201424,0.0014750015,0.8528404533863068,7,3718,0.011317189,12103.915762424469,0.41933912,0.0,2351104
654.19,-4.8,-0.007342167,0.0016755926,0.8861938416957855,6,3724,0.009726157,12108.085834503174,0.4256841,0.0,2355200
641.44,-4.8,-0.00869057,0.0020234154,0.8552484661340714,7,3731,0.010025484,12112.26117682457,0.43801516,0.0,2359296
637.67,-4.81,-0.007700637,0.0014334912,0.8795003369450569,6,3737,0.008484911,12116.424790620804,0.44805798,0.0,2363392
635.17,-4.84,-0.0074883993,0.0013849753,0.8809420615434647,7,3744,0.009073757,12120.442564487457,0.44987577,0.0,2367488
639.75,-4.82,-0.008638737,0.0015520677,0.8472627997398376,6,3750,0.009944578,12124.202600240707,0.44386205,0.0,2371584
639.98,-4.82,-0.008290708,0.0015043106,0.8828221634030342,6,3756,0.01020522,12128.015893697739,0.47713375,0.0,2375680
643.93,-4.81,-0.008704316,0.0016258769,0.8754732683300972,6,3762,0.011150476,12131.817158937454,0.46956566,0.0,2379776
635.77,-4.8,-0.0074311155,0.0013577398,0.8710950314998627,7,3769,0.010125806,12135.825301647186,0.43481737,0.0,2383872
632.67,-4.81,-0.007943157,0.0013518283,0.8489279299974442,7,3776,0.009798593,12139.677314281464,0.4369436,0.0,2387968
630.14,-4.84,-0.007330771,0.0011259379,0.8856292739510536,6,3782,0.00895597,12143.627727746964,0.44033265,0.0,2392064
636.38,-4.85,-0.00851207,0.0015741808,0.8856676518917084,6,3788,0.008280827,12147.795272111893,0.47375414,0.0,2396160
633.57,-4.84,-0.0067388196,0.0012590922,0.8818336501717567,7,3795,0.011035475,12590.882969617844,0.4228723,0.0,2400256
628.71,-4.82,-0.0069920374,0.001359145,0.8741219341754913,7,3802,0.010095205,12594.841372728348,0.43277976,0.0,2404352
630.05,-4.82,-0.0072335396,0.0012506832,0.8867846503853798,6,3808,0.009335851,12598.65811252594,0.42462796,0.0,2408448
625.66,-4.83,-0.0063413773,0.0012082624,0.878387100994587,8,3816,0.009629323,12602.780526399612,0.3844866,0.0,2412544
621.23,-4.85,-0.0077101854,0.0013195422,0.8653813153505325,7,3823,0.010763885,12606.954612493515,0.4640118,0.0,2416640
619.17,-4.86,-0.0071047237,0.0017139971,0.8720459192991257,7,3830,0.010684222,12611.122655391693,0.43282175,0.0,2420736
617.12,-4.82,-0.0075868135,0.0020365145,0.8789109438657761,7,3837,0.012833036,12615.29081749916,0.4745148,0.0,2424832
613.8,-4.81,-0.008109852,0.001622243,0.870616614818573,6,3843,0.011297511,12619.46011209488,0.4354574,0.0,2428928
613.8,-4.83,-0.008250674,0.0021820557,0.8469977527856827,7,3850,0.01155289,12623.624553918839,0.461413,0.0,2433024
614.69,-4.83,-0.0081103835,0.0015372271,0.8453783988952637,6,3856,0.010644295,12627.793110847473,0.43896395,0.0,2437120
611.33,-4.83,-0.009303875,0.0016200503,0.8751620650291443,7,3863,0.010011892,12631.956921577454,0.48389938,0.0,2441216
612.14,-4.83,-0.008064221,0.001227006,0.8791773617267609,7,3870,0.010151298,12636.132373571396,0.43007976,0.0,2445312
612.85,-4.83,-0.00673798,0.0012686676,0.8777713626623154,5,3875,0.009332749,12640.296629428864,0.4636223,0.0,2449408
619.47,-4.83,-0.0075944746,0.0015661019,0.8677086979150772,6,3881,0.0095354915,12644.456724882126,0.46728924,0.0,2453504
619.74,-4.81,-0.008201357,0.0014351222,0.8408087491989136,7,3888,0.010534389,12648.6193754673,0.45881832,0.0,2457600
619.57,-4.83,-0.007700527,0.0013944951,0.879960760474205,6,3894,0.0091178175,12652.782494306564,0.46244437,0.0,2461696
625.1,-4.81,-0.00787864,0.0015260883,0.8833898976445198,6,3900,0.009928913,12656.952922344208,0.4663651,0.0,2465792
621.82,-4.82,-0.008064132,0.0012176115,0.8698203712701797,7,3907,0.009505875,12661.12236738205,0.43025672,0.0,2469888
618.32,-4.81,-0.0065938784,0.001255468,0.8422221392393112,8,3915,0.0107056545,12665.287912368774,0.43768388,0.0,2473984
621.59,-4.79,-0.0077974205,0.0016351496,0.8556195050477982,7,3922,0.011461438,12669.460176467896,0.46223867,0.0,2478080
630.2,-4.78,-0.0055346256,0.0020277617,0.8490248173475266,5,3927,0.011510894,12673.62559914589,0.49848482,0.0,2482176
628.49,-4.79,-0.008025166,0.0011998133,0.8582992702722549,7,3934,0.0115827555,12677.632627010345,0.4657775,0.0,2486272
634.56,-4.77,-0.007578702,0.0011615496,0.8382820338010788,5,3939,0.011722556,12681.587418556213,0.47720292,0.0,2490368
635.21,-4.76,-0.008014943,0.0011195738,0.8575935810804367,7,3946,0.011887442,12685.51132941246,0.46217844,0.0,2494464
635.43,-4.76,-0.007561373,0.0015562383,0.8516221344470978,7,3953,0.011015145,12689.428991317749,0.46011505,0.0,2498560
639.05,-4.77,-0.008376567,0.0014000649,0.8760853856801987,6,3959,0.010176884,13126.69496011734,0.4802534,0.0,2502656
640.77,-4.76,-0.0065257824,0.0010465509,0.8664592206478119,6,3965,0.00981609,13130.582439899445,0.4604359,0.0,2506752
636.44,-4.76,-0.0067794602,0.0011727373,0.8623889535665512,7,3972,0.012116648,13134.682492494583,0.43125534,0.0,2510848
635.86,-4.76,-0.008261518,0.0018229579,0.880016528069973,6,3978,0.010779047,13138.81363105774,0.49652898,0.0,2514944
629.13,-4.74,-0.007254377,0.0014120546,0.837973028421402,7,3985,0.013540812,13142.706927537918,0.47012147,0.0,2519040
625.17,-4.75,-0.008210774,0.0012101099,0.8826025426387787,8,3993,0.010683814,13146.480018615723,0.4617837,0.0,2523136
618.84,-4.78,-0.0066885147,0.0015024765,0.8760793209075928,7,4000,0.009748538,13150.608674526215,0.44701692,0.0,2527232
616.5,-4.78,-0.006782858,0.0015112254,0.8720738440752029,7,4007,0.01072365,13154.777411937714,0.4588976,0.0,2531328
624.5,-4.78,-0.0076129446,0.0017057614,0.8753546997904778,6,4013,0.00856049,13158.943905353546,0.4561553,0.0,2535424
628.35,-4.79,-0.0071313437,0.0015960129,0.8602460026741028,6,4019,0.00912083,13163.114921331406,0.4904999,0.0,2539520
624.55,-4.8,-0.0066449693,0.0013140171,0.8703190982341766,7,4026,0.009357339,13167.28043293953,0.45251903,0.0,2543616
624.03,-4.81,-0.0070918873,0.0015261333,0.8766578361392021,7,4033,0.0095112445,13171.449247837067,0.47963604,0.0,2547712
620.32,-4.84,-0.0069816406,0.0015436446,0.8782774582505226,6,4039,0.009085619,13175.46244430542,0.47584832,0.0,2551808
620.55,-4.87,-0.0074586947,0.0016392351,0.8724085241556168,6,4045,0.008650523,13179.301171541214,0.4724969,0.0,2555904
615.57,-4.87,-0.0064740023,0.0013108723,0.866729661822319,8,4053,0.010088558,13183.061136245728,0.41302395,0.0,2560000
611.43,-4.89,-0.007247937,0.0014487206,0.8630590587854385,6,4059,0.011028673,13186.8191447258,0.45994046,0.0,2564096
617.51,-4.87,-0.008006632,0.0013815506,0.863752469420433,6,4065,0.010385748,13190.767152786255,0.4888773,0.0,2568192
617.4,-4.86,-0.007116555,0.0014802413,0.8673650771379471,7,4072,0.011855775,13194.76307964325,0.4430608,0.0,2572288
608.73,-4.86,-0.0064739212,0.0012988738,0.8853069841861725,7,4079,0.010591943,13198.553372383118,0.45056602,0.0,2576384
612.39,-4.87,-0.007955965,0.0011594215,0.8580353558063507,7,4086,0.01225608,13202.309326410294,0.45364496,0.0,2580480
617.1,-4.86,-0.008610087,0.0015980559,0.8609580248594284,6,4092,0.010272308,13206.079210281372,0.5012438,0.0,2584576
617.77,-4.86,-0.00803013,0.0012784335,0.8555352538824081,7,4099,0.008362799,13209.849033355713,0.44969866,0.0,2588672
623.12,-4.86,-0.008956119,0.0014444628,0.86292864382267,6,4105,0.008886588,13213.85261130333,0.50751156,0.0,2592768
627.48,-4.85,-0.007716536,0.001389805,0.8539184629917145,6,4111,0.0098019205,13217.747732162476,0.48103872,0.0,2596864
636.14,-4.84,-0.00688783,0.0015397804,0.8668720871210098,5,4116,0.010459451,13662.996960878372,0.50026655,0.0,2600960
637.09,-4.86,-0.0068450784,0.0014220028,0.8851422071456909,6,4122,0.008244796,13666.763176441193,0.46792403,0.0,2605056
643.01,-4.85,-0.007035295,0.0014304856,0.8727618157863617,6,4128,0.008997264,13670.518519878387,0.5119169,0.0,2609152
647.14,-4.86,-0.007617687,0.0011664244,0.8791048154234886,6,4134,0.008590749,13674.270259857178,0.461992,0.0,2613248
644.96,-4.86,-0.0068166656,0.0009975105,0.8728872239589691,7,4141,0.009793554,13678.030297994614,0.45202753,0.0,2617344
646.95,-4.85,-0.0077058314,0.0014135089,0.865377813577652,6,4147,0.010091388,13681.786490440369,0.46705136,0.0,2621440
650.76,-4.85,-0.0064998074,0.0014731637,0.8762904405593872,7,4154,0.00971767,13685.54815530777,0.47062853,0.0,2625536
648.48,-4.86,-0.007676888,0.0015598291,0.8653463423252106,6,4160,0.010370745,13689.30408000946,0.49544466,0.0,2629632
640.4,-4.86,-0.007078421,0.001360984,0.8605897724628448,7,4167,0.012141499,13693.063267707825,0.4467688,0.0,2633728
646.58,-4.87,-0.008507095,0.0015775617,0.8723427653312683,6,4173,0.011078434,13696.826673269272,0.50809556,0.0,2637824
652.76,-4.87,-0.0057545598,0.0015737191,0.8408336639404297,7,4180,0.009311365,13700.605518102646,0.45565328,0.0,2641920
651.09,-4.89,-0.0070487475,0.0012151599,0.8680171519517899,7,4187,0.009317071,13704.356242656708,0.45291713,0.0,2646016
652.37,-4.88,-0.008358593,0.0017156125,0.846412718296051,5,4192,0.010717732,13708.10566520691,0.5177794,0.0,2650112
663.99,-4.86,-0.007599421,0.0013217136,0.837698221206665,6,4198,0.011554475,13711.862761974335,0.48994622,0.0,2654208
659.72,-4.84,-0.0070468336,0.0013930933,0.8435622006654739,7,4205,0.010747973,13715.634051322937,0.45992488,0.0,2658304
655.54,-4.84,-0.007586005,0.0016236682,0.854687049984932,6,4211,0.011040076,13719.395908355713,0.48496017,0.0,2662400
647.68,-4.84,-0.0063459445,0.0011759539,0.9022177010774612,6,4217,0.009480031,13723.15214061737,0.4641241,0.0,2666496
638.99,-4.85,-0.007009582,0.001293254,0.8646378368139267,7,4224,0.0096927015,13726.91363787651,0.45891437,0.0,2670592
643.52,-4.84,-0.007106839,0.0012818967,0.8861249089241028,6,4230,0.009776834,13730.68248963356,0.46163613,0.0,2674688
640.56,-4.83,-0.0069596954,0.0012853969,0.8628103584051132,7,4237,0.0122238165,13734.517297267914,0.4685205,0.0,2678784
643.15,-4.81,-0.008699118,0.0012774756,0.8498016744852066,6,4243,0.0122999,13738.283631801605,0.5131383,0.0,2682880
642.54,-4.81,-0.006275299,0.0011702096,0.87633465975523,7,4250,0.010050766,13742.106677293777,0.4308454,0.0,2686976
642.95,-4.79,-0.006863524,0.001110808,0.8728921413421631,6,4256,0.011195554,13746.17979979515,0.43668026,0.0,2691072
640.32,-4.78,-0.007953216,0.0011338544,0.8800648748874664,7,4263,0.01052774,13750.351392507553,0.4678458,0.0,2695168
640.44,-4.81,-0.0078437375,0.0013572581,0.855462908744812,6,4269,0.0106930295,13754.530223608017,0.443269,0.0,2699264
644.29,-4.81,-0.007391597,0.0011361458,0.8853217214345932,6,4275,0.009373457,14192.375999450684,0.47529405,0.0,2703360
642.66,-4.8,-0.0073401853,0.0010906482,0.8628626763820648,7,4282,0.011219061,14196.541809797287,0.44140428,0.0,2707456
638.19,-4.79,-0.0073523796,0.0012713993,0.8655317425727844,7,4289,0.010582733,14200.709107160568,0.4670255,0.0,2711552
629.87,-4.8,-0.008166603,0.0012923355,0.8807933926582336,7,4296,0.010193757,14204.878397226334,0.46411476,0.0,2715648
635.5,-4.79,-0.008060677,0.0010163645,0.8842563703656197,5,4301,0.00844475,14209.046337842941,0.4738824,0.0,2719744
639.05,-4.8,-0.008332634,0.0012476462,0.8612494021654129,6,4307,0.0104234675,14212.803136348724,0.45575613,0.0,2723840
636.63,-4.83,-0.007440569,0.0010572351,0.8479951471090317,6,4313,0.00897743,14216.56101846695,0.45460358,0.0,2727936
640.65,-4.82,-0.0066681392,0.0013359352,0.8686699122190475,6,4319,0.010354707,14220.466571331024,0.50551814,0.0,2732032
640.81,-4.77,-0.0068522687,0.001310835,0.8890834599733353,7,4326,0.009979792,14224.545236349106,0.47159797,0.0,2736128
647.35,-4.77,-0.0081736185,0.0013703818,0.8756954297423363,5,4331,0.010203731,14228.301848173141,0.49749002,0.0,2740224
651.46,-4.78,-0.0073484066,0.0012203885,0.8927834704518318,7,4338,0.00891259,14232.189636945724,0.49082717,0.0,2744320
645.47,-4.79,-0.0070413104,0.0012912569,0.8699539452791214,6,4344,0.009579809,14235.945750713348,0.44232044,0.0,2748416
648.7,-4.8,-0.0075394916,0.0013431768,0.8649425208568573,7,4351,0.0106794955,14239.715296268463,0.44924518,0.0,2752512
647.04,-4.82,-0.008213162,0.0011552528,0.8800219595432281,6,4357,0.009527883,14243.658416986465,0.44093084,0.0,2756608
655.13,-4.8,-0.0072635897,0.0012167632,0.8294066041707993,6,4363,0.01072094,14247.42631149292,0.46805125,0.0,2760704
652.16,-4.79,-0.006492174,0.0011201871,0.8358690142631531,7,4370,0.012699166,14251.190712690353,0.46178532,0.0,2764800
646.46,-4.79,-0.0063748714,0.0011084134,0.8841086328029633,7,4377,0.008657369,14254.96148443222,0.4279738,0.0,2768896
646.93,-4.77,-0.007140789,0.0012678934,0.8640706092119217,6,4383,0.012121732,14258.737203121185,0.46833408,0.0,2772992
649.65,-4.77,-0.006407855,0.0011272739,0.8878222852945328,7,4390,0.009244818,14262.502799987793,0.44909957,0.0,2777088
655.59,-4.78,-0.008244806,0.001602486,0.8774090483784676,5,4395,0.009212948,14266.263943433762,0.47542122,0.0,2781184
655.33,-4.8,-0.006695399,0.0011361695,0.8608389496803284,6,4401,0.011947319,14270.024598836899,0.4599879,0.0,2785280
653.39,-4.77,-0.008475488,0.0013614512,0.8339911252260208,6,4407,0.014296159,14273.85832977295,0.5053936,0.0,2789376
650.13,-4.74,-0.00723044,0.0011078928,0.8569681793451309,7,4414,0.013791094,14277.622648477554,0.51689494,0.0,2793472
652.95,-4.73,-0.00812147,0.0012839771,0.8187489360570908,6,4420,0.0139344465,14281.382884979248,0.47062874,0.0,2797568
655.72,-4.77,-0.0072543714,0.0012420403,0.8674741089344025,6,4426,0.010664854,14728.524777412415,0.47431248,0.0,2801664
649.94,-4.77,-0.00814913,0.0013137716,0.8541521579027176,6,4432,0.011864622,14732.70624256134,0.47414312,0.0,2805760
648.81,-4.75,-0.007191677,0.0011246662,0.8692385703325272,7,4439,0.012194687,14736.890064239502,0.47048554,0.0,2809856
653.15,-4.75,-0.006792431,0.0012584811,0.8645787984132767,6,4445,0.010598771,14741.07482624054,0.44438365,0.0,2813952
649.22,-4.74,-0.0073162722,0.0010610764,0.883838027715683,7,4452,0.01043157,14745.264460802078,0.46184117,0.0,2818048
644.87,-4.74,-0.0051822467,0.0011644707,0.8906399607658386,7,4459,0.009632071,14749.449087619781,0.46564227,0.0,2822144
639.5,-4.77,-0.00862096,0.0012981632,0.8582310080528259,6,4465,0.010639453,14753.634802818298,0.47476047,0.0,2826240
642.77,-4.75,-0.005639522,0.00079260184,0.8440394103527069,6,4471,0.012707929,14757.818329572678,0.43532434,0.0,2830336
647.59,-4.73,-0.007004644,0.0009648207,0.8820102512836456,7,4478,0.010684765,14762.006578922272,0.4475326,0.0,2834432
652.54,-4.75,-0.0073517854,0.0010178726,0.8625009506940842,5,4483,0.010938773,14766.198098659515,0.4747303,0.0,2838528
652.4,-4.74,-0.0069938935,0.00091452897,0.8648282587528229,7,4490,0.009905082,14770.026630878448,0.45110577,0.0,2842624
646.69,-4.75,-0.0060375407,0.0011416489,0.8841070160269737,7,4497,0.010103139,14774.19129395485,0.4462651,0.0,2846720
638.79,-4.76,-0.007169518,0.001141991,0.8789295479655266,6,4503,0.009458053,14778.366885900497,0.449637,0.0,2850816
640.53,-4.76,-0.008170821,0.0013767383,0.8837375491857529,6,4509,0.009090344,14782.551152706146,0.4739372,0.0,2854912
645.4,-4.77,-0.0063899797,0.0010387683,0.8732835054397583,6,4515,0.010543963,14786.735438108444,0.44551978,0.0,2859008
632.96,-4.8,-0.0060555027,0.001066111,0.8854936808347702,8,4523,0.009399809,14790.918221235275,0.4023683,0.0,2863104
631.06,-4.8,-0.0062559503,0.0011442048,0.8948780000209808,6,4529,0.009853853,14795.10783791542,0.44895032,0.0,2867200
634.08,-4.82,-0.007631374,0.001089663,0.8661291003227234,6,4535,0.009505287,14799.285217523575,0.4604192,0.0,2871296
631.39,-4.81,-0.0067453645,0.0010421902,0.8899986818432808,7,4542,0.008966945,14803.480638504028,0.48397857,0.0,2875392
629.73,-4.81,-0.005643201,0.00078110484,0.8539708256721497,6,4548,0.009100164,14807.66291975975,0.44954386,0.0,2879488
641.19,-4.82,-0.007972926,0.0012490969,0.8765078857541084,6,4554,0.008664155,14811.846052885056,0.45529386,0.0,2883584
638.15,-4.82,-0.0064695757,0.0009405427,0.8673849105834961,7,4561,0.009615646,14816.024591207504,0.45524392,0.0,2887680
641.37,-4.83,-0.008116699,0.0011489869,0.868698924779892,6,4567,0.008646729,14820.207004785538,0.4569956,0.0,2891776
647.4,-4.82,-0.0060338466,0.0012486926,0.8867177218198776,5,4572,0.009333857,14824.388429403305,0.47455892,0.0,2895872
649.52,-4.83,-0.006646495,0.0011259129,0.8835211396217346,7,4579,0.0101729855,14828.575610637665,0.43651363,0.0,2899968
649.23,-4.85,-0.0062457463,0.001014458,0.8851070404052734,6,4585,0.008547939,15265.828472614288,0.4416701,0.0,2904064
648.22,-4.84,-0.006776215,0.0010942101,0.874767929315567,6,4591,0.009668212,15270.01014304161,0.4300003,0.0,2908160
649.91,-4.82,-0.0073597115,0.0013707689,0.855922743678093,7,4598,0.012594917,15274.201303958893,0.45522445,0.0,2912256
650.93,-4.83,-0.006341339,0.0009619663,0.8700695335865021,6,4604,0.008913848,15278.388697385788,0.44127756,0.0,2916352
653.71,-4.83,-0.0077337287,0.0011376976,0.8762355744838715,6,4610,0.010079044,15282.578147888184,0.4706142,0.0,2920448
657.26,-4.83,-0.0074355793,0.0012066773,0.869486078619957,5,4615,0.009222884,15286.761523723602,0.43691877,0.0,2924544
662.72,-4.82,-0.006020331,0.000806798,0.8843858689069748,6,4621,0.009676502,15290.951414346695,0.434169,0.0,2928640
674.75,-4.81,-0.0074839266,0.0010318954,0.8473877757787704,6,4627,0.013573708,15295.137324810028,0.48287714,0.0,2932736
666.33,-4.81,-0.006355081,0.00092989084,0.8966934755444527,6,4633,0.009241421,15299.331466674805,0.46656704,0.0,2936832
671.74,-4.82,-0.0070007723,0.0010381382,0.8730902671813965,6,4639,0.008698145,15303.525324821472,0.47060722,0.0,2940928
674.41,-4.83,-0.0060945936,0.0008379014,0.8634612858295441,7,4646,0.008795921,15307.721071243286,0.41170925,0.0,2945024
670.06,-4.83,-0.0073452424,0.0013047517,0.8686399310827255,6,4652,0.009213368,15311.907208442688,0.46405718,0.0,2949120
672.63,-4.82,-0.0066472776,0.0010987539,0.8720727115869522,7,4659,0.01027766,15316.089302062988,0.46981537,0.0,2953216
667.05,-4.82,-0.006928092,0.00083630317,0.8731855154037476,6,4665,0.009776217,15320.274945020676,0.43446404,0.0,2957312
668.79,-4.84,-0.0069167907,0.00095894415,0.8786298483610153,6,4671,0.009485729,15324.462179422379,0.48846012,0.0,2961408
666.43,-4.86,-0.0061574574,0.0008499062,0.8819474205374718,6,4677,0.009424382,15328.335724592209,0.43406337,0.0,2965504
660.04,-4.84,-0.0074818414,0.0009861971,0.8446836620569229,7,4684,0.012905414,15332.10367155075,0.44085667,0.0,2969600
661.95,-4.85,-0.006306916,0.00091554027,0.8782952204346657,6,4690,0.010173877,15335.877263069153,0.42352635,0.0,2973696
661.32,-4.87,-0.0071966774,0.0009819973,0.8769881203770638,7,4697,0.009429857,15339.682754039764,0.47860816,0.0,2977792
659.19,-4.86,-0.0065948386,0.00072165416,0.8723016977310181,6,4703,0.008796582,15343.455442667007,0.44615468,0.0,2981888
655.62,-4.85,-0.007224662,0.001125447,0.8692767918109894,7,4710,0.009219313,15347.22837138176,0.48435676,0.0,2985984
648.85,-4.86,-0.006937131,0.0009940774,0.8838473856449127,6,4716,0.009544858,15351.20581817627,0.46055385,0.0,2990080
641.92,-4.86,-0.007032664,0.0008541417,0.8661444634199142,8,4724,0.0107078515,15355.00007224083,0.42808864,0.0,2994176
630.59,-4.88,-0.006359895,0.00096490217,0.8581387549638748,7,4731,0.009980485,15358.790578365326,0.40266272,0.0,2998272
633.26,-4.88,-0.006856747,0.001222716,0.8845040649175644,6,4737,0.009221083,15805.372398853302,0.45933086,0.0,3002368
628.86,-4.88,-0.0054026293,0.00088727596,0.86789870262146,7,4744,0.009066453,15809.553458690643,0.4237995,0.0,3006464
623.33,-4.89,-0.005715818,0.00066143065,0.8940052390098572,6,4750,0.009144339,15813.7344789505,0.42781666,0.0,3010560
628.06,-4.9,-0.006116782,0.0009241502,0.8427083939313889,6,4756,0.010760637,15817.922837018967,0.40890098,0.0,3014656
627.57,-4.88,-0.0061422717,0.00087515824,0.8555447459220886,7,4763,0.013584037,15822.110767364502,0.44162077,0.0,3018752
619.85,-4.88,-0.006359161,0.0008704697,0.8654610216617584,7,4770,0.009009961,15826.295142889023,0.44172934,0.0,3022848
619.55,-4.87,-0.00491718,0.0007765395,0.8712402284145355,6,4776,0.009835385,15830.256762266159,0.41108364,0.0,3026944
619.2,-4.89,-0.00536071,0.00078675116,0.8960877135396004,7,4783,0.00915512,15834.119979858398,0.43130568,0.0,3031040
618.05,-4.88,-0.0061867936,0.0008508693,0.8673778027296066,6,4789,0.010406542,15838.264147758484,0.4320238,0.0,3035136
618.29,-4.86,-0.0063850717,0.0010797479,0.8717459291219711,7,4796,0.010268174,15842.097098827362,0.44657564,0.0,3039232
613.16,-4.87,-0.0047814194,0.00075215305,0.882002979516983,8,4804,0.010740245,15845.879779577255,0.42732495,0.0,3043328
612.86,-4.88,-0.0071052024,0.0008597919,0.8543589860200882,6,4810,0.010942041,15849.649512290955,0.42243716,0.0,3047424
610.33,-4.89,-0.006470236,0.0010008061,0.8745205849409103,7,4817,0.010206214,15853.415799617767,0.46714434,0.0,3051520
621.52,-4.88,-0.005937567,0.00094223383,0.8654462248086929,6,4823,0.011087422,15857.198864936829,0.47213128,0.0,3055616
627.44,-4.86,-0.008480002,0.001406041,0.8608509600162506,6,4829,0.01107366,15861.067752838135,0.46308303,0.0,3059712
624.59,-4.85,-0.004653042,0.00073012576,0.8780886456370354,6,4835,0.009468308,15864.844045877457,0.40837303,0.0,3063808
631.08,-4.83,-0.0057218084,0.0007623819,0.8900326788425446,6,4841,0.009701276,15868.623901367188,0.43040782,0.0,3067904
622.63,-4.83,-0.0051154895,0.0008212315,0.8565269708633423,8,4849,0.010504693,15872.395113945007,0.3838611,0.0,3072000
623.23,-4.81,-0.006073139,0.0007955675,0.887856513261795,7,4856,0.009691674,15876.534910202026,0.4202483,0.0,3076096
620.93,-4.81,-0.0056303865,0.0008087955,0.9000755846500397,6,4862,0.009544784,15880.944051027298,0.42133528,0.0,3080192
619.82,-4.83,-0.0063388874,0.00085411355,0.8982621282339096,7,4869,0.009248635,15885.294533729553,0.42278963,0.0,3084288
619.3,-4.83,-0.005986641,0.0007736839,0.9114466086030006,6,4875,0.008674706,15889.828010559082,0.443312,0.0,3088384
621.9,-4.83,-0.0058775106,0.0007764185,0.8794761896133423,7,4882,0.009840637,15894.135112524033,0.43249533,0.0,3092480
625.62,-4.84,-0.0054224622,0.0007885543,0.8782506659626961,6,4888,0.009313477,15898.423465490341,0.40518123,0.0,3096576
631.12,-4.85,-0.0069653904,0.0009025753,0.8655033707618713,5,4893,0.01081116,16336.046650409698,0.44943652,0.0,3100672
629.55,-4.83,-0.0061753923,0.00083688373,0.8539503365755081,7,4900,0.012250684,16340.225805282593,0.41497797,0.0,3104768
634.29,-4.81,-0.0067272657,0.0010319041,0.8855278715491295,6,4906,0.011635899,16344.408458471298,0.46703708,0.0,3108864
637.7,-4.78,-0.0055524907,0.0008291003,0.8407249599695206,6,4912,0.012516348,16348.591106176376,0.42600954,0.0,3112960
634.99,-4.79,-0.0065296814,0.0007443648,0.8546077013015747,8,4920,0.010370141,16352.768370628357,0.41150957,0.0,3117056
630.46,-4.79,-0.0059295446,0.0007470232,0.8602723032236099,6,4926,0.012974501,16356.960755109787,0.4352712,0.0,3121152
633.3,-4.8,-0.00612502,0.0009229546,0.8430299013853073,6,4932,0.009844474,16361.148526906967,0.44332027,0.0,3125248
633.83,-4.77,-0.0053371475,0.00070951635,0.8811124339699745,7,4939,0.011767703,16365.334030151367,0.43772352,0.0,3129344
634.82,-4.76,-0.0058665536,0.0006777125,0.8643789440393448,6,4945,0.012714593,16369.510852098465,0.4193528,0.0,3133440
644.33,-4.76,-0.0062028575,0.00083581003,0.8832403868436813,6,4951,0.011453599,16373.687078475952,0.43765226,0.0,3137536
646.04,-4.76,-0.0062468266,0.0008782925,0.9010003134608269,6,4957,0.009566465,16377.875298500061,0.43281475,0.0,3141632
650.72,-4.74,-0.0063484516,0.00077974726,0.8542522192001343,6,4963,0.012396259,16382.060178041458,0.43138024,0.0,3145728
651.18,-4.73,-0.0072348327,0.0011490253,0.8538408428430557,7,4970,0.011456086,16386.243713855743,0.45975912,0.0,3149824
655.85,-4.73,-0.005625272,0.00071301276,0.8484081029891968,5,4975,0.009390299,16390.421586751938,0.43303412,0.0,3153920
661.74,-4.73,-0.0068450766,0.00086515496,0.8871104568243027,5,4980,0.008363461,16394.59969305992,0.45858514,0.0,3158016
660.88,-4.72,-0.006229741,0.00079302175,0.8826584592461586,7,4987,0.009245266,16398.780606269836,0.4361951,0.0,3162112
648.69,-4.73,-0.0054309857,0.000748726,0.8963302001357079,7,4994,0.009722846,16402.968563079834,0.41297582,0.0,3166208
652.75,-4.76,-0.0044440874,0.0007234902,0.8695094734430313,7,5001,0.009748354,16407.15268778801,0.38196594,0.0,3170304
648.84,-4.77,-0.0061748154,0.0007581251,0.8823458701372147,6,5007,0.009423829,16411.323226451874,0.43779895,0.0,3174400
648.55,-4.78,-0.006038162,0.00071874604,0.8837884366512299,6,5013,0.010426363,16415.507511615753,0.42667815,0.0,3178496
650.63,-4.78,-0.005066297,0.0006642686,0.8710388839244843,7,5020,0.009775111,16419.68790102005,0.40711418,0.0,3182592
654.83,-4.8,-0.005738922,0.0008830862,0.8839461654424667,6,5026,0.009331308,16423.873053073883,0.45043725,0.0,3186688
648.57,-4.8,-0.004289982,0.00058368844,0.8941932767629623,7,5033,0.009161444,16428.058104991913,0.4091211,0.0,3190784
647.52,-4.83,-0.0049530347,0.00072752533,0.9000051468610764,7,5040,0.010249439,16432.232736349106,0.41314298,0.0,3194880
643.7,-4.84,-0.005953653,0.0008229317,0.8397372961044312,6,5046,0.012448614,16436.41507077217,0.4358067,0.0,3198976
648.37,-4.83,-0.006467414,0.00091773027,0.8606289476156235,6,5052,0.011367709,16876.198519706726,0.45325574,0.0,3203072
643.59,-4.84,-0.004599781,0.0007732351,0.8672836422920227,7,5059,0.011190513,16880.183254241943,0.40655944,0.0,3207168
642.64,-4.84,-0.005067561,0.0007040237,0.8546310365200043,6,5065,0.0119928215,16883.954732894897,0.44317278,0.0,3211264
638.44,-4.82,-0.0054944577,0.0007362111,0.8714879900217056,7,5072,0.013727624,16887.761315107346,0.4170149,0.0,3215360
620.89,-4.81,-0.005403544,0.00071733,0.8722694516181946,7,5079,0.012971907,16891.764979839325,0.41000283,0.0,3219456
617.76,-4.82,-0.006247806,0.0010462636,0.8756114467978477,7,5086,0.010760314,16895.52893424034,0.44053945,0.0,3223552
621.19,-4.82,-0.006343995,0.0007961348,0.8684984594583511,6,5092,0.0095456485,16899.3145673275,0.42629018,0.0,3227648
627.82,-4.82,-0.006131149,0.0007493928,0.8525792360305786,6,5098,0.011064525,16903.07297849655,0.44613782,0.0,3231744
638.57,-4.79,-0.006134724,0.0008092824,0.8869961872696877,6,5104,0.008421233,16906.83351635933,0.4424966,0.0,3235840
637.7,-4.79,-0.00540312,0.00082336063,0.8380277752876282,6,5110,0.013498878,16910.76650094986,0.4196161,0.0,3239936
637.51,-4.79,-0.005398551,0.0006817833,0.8799932673573494,6,5116,0.010032638,16914.59918832779,0.42150733,0.0,3244032
644.13,-4.77,-0.0057936953,0.00069557823,0.88392174243927,6,5122,0.009461152,16918.35902261734,0.4398363,0.0,3248128
647.54,-4.76,-0.0057409555,0.0006992844,0.859062984585762,6,5128,0.011728345,16922.124584674835,0.44680622,0.0,3252224
648.0,-4.74,-0.005780088,0.00085885887,0.8661171346902847,6,5134,0.013021421,16925.90202331543,0.41698536,0.0,3256320
653.47,-4.75,-0.0048952564,0.0005644745,0.8774014413356781,6,5140,0.011563458,16930.071833372116,0.42570406,0.0,3260416
650.2,-4.76,-0.005536861,0.0006700775,0.8697776943445206,7,5147,0.010156539,16934.248387098312,0.42242533,0.0,3264512
646.9,-4.77,-0.004971778,0.0005493681,0.8739694803953171,7,5154,0.009040205,16938.422523736954,0.41915482,0.0,3268608
656.81,-4.75,-0.0059258267,0.00082969666,0.864787831902504,5,5159,0.010731702,16942.59285879135,0.43667725,0.0,3272704
643.09,-4.81,-0.0047368975,0.0006499752,0.8802374601364136,8,5167,0.009291709,16946.76313996315,0.4151937,0.0,3276800
650.63,-4.8,-0.006041403,0.00062296796,0.8761446103453636,6,5173,0.009510327,16950.94004869461,0.4146419,0.0,3280896
652.47,-4.81,-0.0051654945,0.0005788256,0.86866495013237,7,5180,0.009468607,16955.114252090454,0.39651394,0.0,3284992
656.18,-4.81,-0.0049267053,0.00060156523,0.8869206607341766,6,5186,0.0095609985,16959.285775899887,0.40810606,0.0,3289088
657.74,-4.81,-0.0064742155,0.0010035178,0.8829315602779388,6,5192,0.009128359,16963.45807504654,0.47778523,0.0,3293184
659.14,-4.8,-0.00596327,0.0008147,0.8702836185693741,5,5197,0.009696399,16967.377680778503,0.4588884,0.0,3297280
662.0,-4.82,-0.005891556,0.0007316309,0.8651792407035828,6,5203,0.009771158,17402.782331705093,0.43546504,0.0,3301376
654.37,-4.84,-0.00461202,0.0006586464,0.871789887547493,6,5209,0.01078253,17406.7843811512,0.42458722,0.0,3305472
663.38,-4.83,-0.005835879,0.00073619134,0.8557770103216171,5,5214,0.008384427,17410.948249340057,0.43352747,0.0,3309568
662.39,-4.85,-0.005938474,0.00066765014,0.8911634087562561,7,5221,0.008684384,17414.972943782806,0.4515395,0.0,3313664
652.96,-4.87,-0.004494323,0.00060849264,0.8648954480886459,7,5228,0.0099516725,17418.728769302368,0.38771552,0.0,3317760
657.29,-4.87,-0.005522663,0.00072359666,0.8712513595819473,6,5234,0.010451994,17422.63537979126,0.44157344,0.0,3321856
663.56,-4.84,-0.006476019,0.0006525646,0.8389223515987396,5,5239,0.013461765,17426.42017173767,0.4574309,0.0,3325952
664.6,-4.85,-0.004845759,0.0005598218,0.8951368406414986,6,5245,0.008432975,17430.498774051666,0.43198353,0.0,3330048
669.06,-4.85,-0.0053770626,0.0006982309,0.859142616391182,7,5252,0.012003273,17434.663068771362,0.44674483,0.0,3334144
658.69,-4.86,-0.0045032525,0.0006702033,0.8914258852601051,6,5258,0.00860298,17438.828147172928,0.43620437,0.0,3338240
662.39,-4.87,-0.0036716352,0.0004953019,0.8830728605389595,7,5265,0.008958066,17442.993763685226,0.42915332,0.0,3342336
671.84,-4.85,-0.006009767,0.00076295645,0.8541632890701294,6,5271,0.011188649,17447.169060468674,0.44161928,0.0,3346432
675.36,-4.85,-0.00518791,0.0006369135,0.8652753829956055,6,5277,0.010191056,17451.362394809723,0.4290129,0.0,3350528
672.63,-4.85,-0.0049329866,0.00061599514,0.8726427853107452,6,5283,0.009426045,17455.371153593063,0.42104998,0.0,3354624
673.84,-4.84,-0.005211654,0.00056956947,0.896662138402462,7,5290,0.008575545,17459.288824796677,0.4300821,0.0,3358720
677.63,-4.84,-0.005606505,0.0006805465,0.8548145443201065,5,5295,0.011048715,17463.275897026062,0.45341754,0.0,3362816
670.24,-4.85,-0.004866419,0.0006943066,0.8765767216682434,6,5301,0.009088643,17467.319818735123,0.42842048,0.0,3366912
668.33,-4.85,-0.00514896,0.0005853591,0.867006465792656,6,5307,0.010711773,17471.49496293068,0.42579108,0.0,3371008
663.05,-4.86,-0.004969544,0.0006516954,0.8529553860425949,7,5314,0.009370424,17475.66506409645,0.42585316,0.0,3375104
662.52,-4.86,-0.004627655,0.000530712,0.8930730223655701,6,5320,0.0087959925,17479.83615064621,0.41372547,0.0,3379200
655.46,-4.85,-0.0037834654,0.00045413594,0.8699449449777603,8,5328,0.011143427,17484.00629067421,0.38692302,0.0,3383296
655.24,-4.85,-0.005882352,0.00059659703,0.8260312080383301,6,5334,0.012751959,17488.196934461594,0.4393579,0.0,3387392
649.84,-4.88,-0.006076454,0.000697228,0.8603273779153824,6,5340,0.008144665,17492.36991238594,0.4302472,0.0,3391488
644.39,-4.89,-0.0050561656,0.00055747293,0.8488870114088058,6,5346,0.011279746,17496.541576385498,0.42005587,0.0,3395584
650.66,-4.87,-0.0057357857,0.00063266384,0.8638703972101212,6,5352,0.010082691,17500.71094942093,0.43213975,0.0,3399680
659.92,-4.86,-0.005143298,0.0005700197,0.8465060740709305,6,5358,0.011988238,17941.018274784088,0.43851694,0.0,3403776
658.63,-4.83,-0.0048541985,0.00052246207,0.8579767346382141,7,5365,0.011762824,17944.897881507874,0.4295381,0.0,3407872
657.17,-4.83,-0.005798545,0.0007393531,0.8497258573770523,5,5370,0.012774964,17948.662645816803,0.45018783,0.0,3411968
652.24,-4.81,-0.004695731,0.0005836486,0.8623789399862289,7,5377,0.012983205,17952.42191338539,0.4264181,0.0,3416064
644.87,-4.79,-0.0046283216,0.0005314319,0.8672497272491455,8,5385,0.011285378,17956.182490348816,0.43481234,0.0,3420160
630.87,-4.79,-0.0044568507,0.0006257711,0.8606413006782532,8,5393,0.009642505,17959.94715166092,0.42708272,0.0,3424256
620.3,-4.81,-0.004245004,0.0005982991,0.8572317957878113,7,5400,0.010450896,17963.708704948425,0.39543813,0.0,3428352
622.77,-4.81,-0.0051667476,0.0006000063,0.8561574071645737,6,5406,0.011809264,17967.480137348175,0.44124013,0.0,3432448
614.24,-4.81,-0.00418654,0.00054606376,0.8668540567159653,8,5414,0.010120246,17971.479214906693,0.41218472,0.0,3436544
615.22,-4.8,-0.0051603187,0.0005750008,0.8845804929733276,6,5420,0.009501796,17975.284660577774,0.4568511,0.0,3440640
619.23,-4.81,-0.0038584052,0.00051185273,0.8868328556418419,7,5427,0.0084042335,17979.0711517334,0.42165425,0.0,3444736
619.07,-4.82,-0.0051336223,0.0005890434,0.8778837621212006,6,5433,0.010156855,17982.85053873062,0.4570965,0.0,3448832
615.3,-4.81,-0.004410568,0.0006341421,0.861634224653244,7,5440,0.009619156,17986.647372961044,0.4178861,0.0,3452928
607.16,-4.82,-0.0042648544,0.00049060734,0.8694284707307816,7,5447,0.009434412,17990.475705862045,0.39805233,0.0,3457024
607.09,-4.83,-0.0044764783,0.00081620674,0.8813684359192848,6,5453,0.008403886,17994.424726963043,0.42159027,0.0,3461120
602.71,-4.85,-0.004933168,0.0005658556,0.8688516765832901,6,5459,0.0108184125,17998.597066164017,0.41964516,0.0,3465216
608.13,-4.84,-0.004226704,0.0005120094,0.8801019340753555,7,5466,0.009609409,18002.772108078003,0.39920732,0.0,3469312
600.46,-4.86,-0.004563145,0.00050351676,0.8687128722667694,7,5473,0.012239243,18006.88369989395,0.41190845,0.0,3473408
603.91,-4.88,-0.004880894,0.00056491134,0.8842606097459793,6,5479,0.010179199,18010.649516820908,0.4310108,0.0,3477504
605.89,-4.89,-0.0043935757,0.0004664463,0.8638777285814285,7,5486,0.011127123,18014.643643140793,0.414278,0.0,3481600
606.52,-4.89,-0.004824656,0.00041510185,0.8837310373783112,8,5494,0.009532883,18018.584884643555,0.4129319,0.0,3485696
609.45,-4.88,-0.0046520447,0.00050215155,0.8693322092294693,7,5501,0.009570221,18022.3652844429,0.4259654,0.0,3489792
610.11,-4.87,-0.0038207606,0.00050487276,0.8723725527524948,6,5507,0.0103382245,18026.128602027893,0.41378215,0.0,3493888
615.41,-4.86,-0.0053798123,0.00052433414,0.8599962741136551,6,5513,0.009722298,18029.911546230316,0.4063326,0.0,3497984
614.96,-4.87,-0.0042248033,0.00048484385,0.854427382349968,7,5520,0.009724648,18469.924832820892,0.41172358,0.0,3502080
617.97,-4.87,-0.0050075115,0.000720642,0.8669043034315109,6,5526,0.010690709,18473.864569664,0.42430666,0.0,3506176
618.18,-4.87,-0.0043145115,0.00040184325,0.8462149649858475,7,5533,0.00977373,18477.67053079605,0.39933276,0.0,3510272
615.95,-4.88,-0.004579723,0.00047235118,0.8917859345674515,6,5539,0.00869055,18481.532029151917,0.40514472,0.0,3514368
621.4,-4.88,-0.0040779575,0.00045527113,0.8919420540332794,7,5546,0.008593359,18485.300668001175,0.41837835,0.0,3518464
617.37,-4.87,-0.0035665927,0.00048744938,0.8740752339363098,7,5553,0.010222485,18489.14830160141,0.40123615,0.0,3522560
619.56,-4.89,-0.0046050414,0.00057371106,0.8793991208076477,6,5559,0.007860538,18492.911964178085,0.43674177,0.0,3526656
615.42,-4.9,-0.0038156006,0.0005413902,0.8823384270071983,7,5566,0.009380047,18496.83917403221,0.40663856,0.0,3530752
622.03,-4.92,-0.0061380803,0.0006648034,0.8773839324712753,5,5571,0.008976845,18501.05026769638,0.44861534,0.0,3534848
626.79,-4.92,-0.0045941365,0.0005337212,0.8825055435299873,6,5577,0.009746211,18505.268555641174,0.4136808,0.0,3538944
623.64,-4.91,-0.0038228869,0.0005168327,0.8728508502244949,8,5585,0.012107856,18509.48317694664,0.4133711,0.0,3543040
628.03,-4.91,-0.004303048,0.0004631167,0.8615081161260605,6,5591,0.010710222,18513.35048031807,0.41456467,0.0,3547136
626.8,-4.92,-0.0037729158,0.00038367597,0.8577838689088821,7,5598,0.010646149,18517.229475975037,0.39611742,0.0,3551232
624.6,-4.94,-0.003316101,0.00046437007,0.8976558670401573,7,5605,0.009259499,18521.255911827087,0.39705876,0.0,3555328
625.14,-4.95,-0.005235538,0.00054894947,0.8625729382038116,7,5612,0.009328324,18525.420825958252,0.4162021,0.0,3559424
629.26,-4.94,-0.0052222367,0.00054303947,0.8499445170164108,6,5618,0.009668403,18529.247160434723,0.41591442,0.0,3563520
625.97,-4.92,-0.0039526424,0.00048432552,0.8467253595590591,6,5624,0.01183568,18533.411502361298,0.3878692,0.0,3567616
628.79,-4.93,-0.004684567,0.00048464158,0.8567738682031631,7,5631,0.009632742,18537.192341327667,0.42623997,0.0,3571712
621.99,-4.92,-0.0032120012,0.0005153429,0.8640241473913193,7,5638,0.010087246,18541.09094643593,0.40235874,0.0,3575808
620.06,-4.92,-0.0043608425,0.00038833648,0.87282794713974,7,5645,0.010081836,18545.180411100388,0.39567816,0.0,3579904
622.48,-4.9,-0.004588619,0.00056547526,0.8694375157356262,6,5651,0.010902392,18549.367928504944,0.4404036,0.0,3584000
615.19,-4.91,-0.0036947585,0.0003560901,0.8874562978744507,8,5659,0.010524824,18553.55539226532,0.38299617,0.0,3588096
613.78,-4.91,-0.0036724187,0.00036685326,0.8924432694911957,7,5666,0.009594385,18557.750643014908,0.4067667,0.0,3592192
606.72,-4.91,-0.004956307,0.0004504382,0.859797939658165,6,5672,0.008970324,18561.945293188095,0.4032567,0.0,3596288
609.82,-4.91,-0.00443939,0.00044196972,0.8585420995950699,6,5678,0.011291579,18990.70716881752,0.42226878,0.0,3600384
611.85,-4.92,-0.0044296114,0.00045468472,0.8769147098064423,6,5684,0.009494959,18994.498342514038,0.40429533,0.0,3604480
610.61,-4.91,-0.0040465584,0.000380707,0.8470770567655563,7,5691,0.012634319,18998.451140880585,0.39485985,0.0,3608576
616.61,-4.89,-0.0055833976,0.00049583433,0.8397124409675598,7,5698,0.009635668,19002.634674549103,0.43389595,0.0,3612672
617.88,-4.89,-0.0040143956,0.00042198593,0.8599671423435211,7,5705,0.010023078,19006.81552886963,0.38662842,0.0,3616768
626.85,-4.83,-0.004797315,0.0005288406,0.8508696407079697,5,5710,0.011265772,19010.99663734436,0.43746912,0.0,3620864
625.03,-4.84,-0.003669234,0.00043169266,0.8722347766160965,5,5715,0.010129267,19014.91316342354,0.4076157,0.0,3624960
628.94,-4.83,-0.0046924097,0.00052707765,0.8676994144916534,7,5722,0.010247613,19018.77684545517,0.43388447,0.0,3629056
633.42,-4.83,-0.004214363,0.0004539919,0.8476370722055435,6,5728,0.011632765,19022.777634382248,0.40250093,0.0,3633152
635.97,-4.82,-0.0037063956,0.00033232395,0.8882204741239548,7,5735,0.010305958,19026.953127861023,0.4033685,0.0,3637248
634.69,-4.83,-0.0044692676,0.0004155922,0.8751948401331902,6,5741,0.010387036,19031.13781261444,0.39134705,0.0,3641344
639.26,-4.81,-0.0037101519,0.0003677801,0.8676382601261139,7,5748,0.010505856,19034.968044519424,0.41751373,0.0,3645440
640.71,-4.81,-0.004081805,0.00039215237,0.8907990604639053,6,5754,0.009764437,19038.823993444443,0.4034107,0.0,3649536
647.38,-4.79,-0.0043918113,0.00040308578,0.8791593015193939,6,5760,0.010970106,19042.86459350586,0.40835527,0.0,3653632
653.0,-4.78,-0.004601325,0.00043208923,0.8768758699297905,6,5766,0.010242294,19046.639107704163,0.42178065,0.0,3657728
648.32,-4.77,-0.0048559895,0.00045196674,0.840811088681221,7,5773,0.012258354,19050.415997505188,0.40738484,0.0,3661824
645.06,-4.76,-0.0047274707,0.0004463582,0.8522199243307114,7,5780,0.0134664215,19054.18374466896,0.4208801,0.0,3665920
651.43,-4.77,-0.004030701,0.00040695723,0.8866909667849541,5,5785,0.008541398,19057.962391138077,0.41624403,0.0,3670016
652.89,-4.8,-0.004125909,0.00038462612,0.8864736333489418,7,5792,0.008058433,19061.89767765999,0.3985881,0.0,3674112
655.82,-4.8,-0.004518952,0.00037904203,0.8686550557613373,6,5798,0.009769382,19065.688324928284,0.4267305,0.0,3678208
655.35,-4.79,-0.003542076,0.00033820068,0.873437836766243,7,5805,0.009752312,19069.542796373367,0.39147493,0.0,3682304
641.27,-4.85,-0.003479321,0.00034019045,0.8753498792648315,7,5812,0.0100621,19073.322414398193,0.37993556,0.0,3686400
642.27,-4.84,-0.004679727,0.00053000223,0.863845556974411,6,5818,0.00956377,19077.115414381027,0.40854245,0.0,3690496
637.81,-4.84,-0.0042220633,0.0003861617,0.8724094182252884,6,5824,0.010945744,19080.89529490471,0.40524927,0.0,3694592
638.12,-4.83,-0.0053350646,0.00040341125,0.857362300157547,7,5831,0.01108052,19084.77965950966,0.41915882,0.0,3698688
637.97,-4.83,-0.0040371786,0.00038581886,0.8754955679178238,6,5837,0.011370776,19518.513617038727,0.41059875,0.0,3702784
640.25,-4.84,-0.004390007,0.00039724848,0.8906099423766136,7,5844,0.011887603,19522.540783166885,0.41146338,0.0,3706880
640.76,-4.84,-0.004260971,0.00039479946,0.8621007651090622,6,5850,0.01128981,19526.725167751312,0.39945292,0.0,3710976
639.52,-4.81,-0.0046883635,0.00053902227,0.8753922283649445,6,5856,0.010523666,19530.909658908844,0.4055969,0.0,3715072
643.3,-4.8,-0.004527634,0.00042358672,0.8481271117925644,5,5861,0.015130671,19535.096411943436,0.4260951,0.0,3719168
643.45,-4.78,-0.0035535928,0.000343147,0.8488318175077438,7,5868,0.012607209,19538.908509016037,0.3911167,0.0,3723264
634.29,-4.81,-0.0038339656,0.00030168708,0.8528521656990051,8,5876,0.009860264,19542.67867040634,0.38453645,0.0,3727360
633.8,-4.81,-0.0042358153,0.0003215137,0.8741526454687119,6,5882,0.009739791,19546.45267009735,0.41807124,0.0,3731456
632.59,-4.8,-0.004188083,0.00038076786,0.8532515913248062,7,5889,0.011229435,19550.232745409012,0.39805013,0.0,3735552
632.73,-4.78,-0.003792199,0.0003481325,0.8406712859869003,6,5895,0.011601678,19554.14317202568,0.39106706,0.0,3739648
631.08,-4.79,-0.0032675792,0.0002693994,0.8891984969377518,7,5902,0.009570887,19557.91661119461,0.38913527,0.0,3743744
634.92,-4.79,-0.0038247379,0.00039097993,0.9020734429359436,6,5908,0.008787317,19561.738888263702,0.40184778,0.0,3747840
636.3,-4.79,-0.003764139,0.00038836876,0.8895678445696831,7,5915,0.007508106,19565.517369270325,0.39554626,0.0,3751936
635.87,-4.81,-0.0036674396,0.00035487209,0.8905714079737663,6,5921,0.011006476,19569.54555940628,0.41336796,0.0,3756032
628.93,-4.83,-0.0033813918,0.00030261345,0.8714886605739594,8,5929,0.00956676,19573.39632987976,0.38744953,0.0,3760128
621.22,-4.84,-0.0034194074,0.00033910014,0.8884515017271042,7,5936,0.010686259,19577.180010080338,0.388246,0.0,3764224
619.82,-4.85,-0.0027993112,0.00027756166,0.8908534124493599,7,5943,0.011028616,19581.09219264984,0.3986796,0.0,3768320
607.73,-4.87,-0.0027436526,0.00030896455,0.868652418255806,8,5951,0.01037715,19585.005279302597,0.35424986,0.0,3772416
598.86,-4.91,-0.0032227833,0.00042801563,0.8843277469277382,7,5958,0.009717994,19588.850781202316,0.4113926,0.0,3776512
594.7,-4.94,-0.004438688,0.00030925794,0.8472173362970352,6,5964,0.009285368,19592.70068693161,0.39062724,0.0,3780608
605.33,-4.94,-0.004809794,0.0005279498,0.8344827443361282,6,5970,0.010575673,19596.525561332703,0.42739555,0.0,3784704
612.23,-4.94,-0.0031419527,0.0003217301,0.8690152019262314,7,5977,0.009573454,19600.58656668663,0.38976592,0.0,3788800
611.32,-4.94,-0.0038098516,0.00037275342,0.842077448964119,6,5983,0.010696851,19604.4159719944,0.41812682,0.0,3792896
616.01,-4.93,-0.0052455296,0.0003552391,0.7905270010232925,5,5988,0.013915923,19608.344148635864,0.43576497,0.0,3796992
622.51,-4.91,-0.0042400695,0.00028585555,0.8629536628723145,6,5994,0.012286413,20038.954309940338,0.4009336,0.0,3801088
620.54,-4.92,-0.0037126157,0.0003360545,0.855284795165062,6,6000,0.010819088,20042.914962768555,0.4260123,0.0,3805184
623.29,-4.9,-0.0041714227,0.00030021148,0.86144058406353,7,6007,0.011725078,20046.75525712967,0.40981433,0.0,3809280
615.73,-4.89,-0.0037026904,0.00027487296,0.8569587171077728,7,6014,0.011760231,20050.564777851105,0.38576025,0.0,3813376
620.79,-4.88,-0.0038218296,0.00035986793,0.8605292439460754,6,6020,0.011690588,20054.340728759766,0.4171092,0.0,3817472
628.7,-4.88,-0.0037190972,0.00030772516,0.8810458853840828,6,6026,0.009989053,20058.1153819561,0.40768757,0.0,3821568
635.46,-4.89,-0.0031986826,0.0002640657,0.8924138247966766,6,6032,0.010104018,20061.880944490433,0.3929822,0.0,3825664
639.58,-4.9,-0.00358766,0.00031399724,0.8819838091731071,7,6039,0.009246676,20065.645396709442,0.37876412,0.0,3829760
640.93,-4.87,-0.0035132754,0.0002987836,0.8674578368663788,7,6046,0.011960794,20069.420318603516,0.40576997,0.0,3833856
648.45,-4.86,-0.004490517,0.0003346219,0.8572221398353577,6,6052,0.00969165,20073.22022819519,0.4220843,0.0,3837952
653.82,-4.85,-0.0033939648,0.00028311802,0.8463589400053024,7,6059,0.010841605,20077.091811656952,0.38873914,0.0,3842048
652.83,-4.84,-0.0034310077,0.0002689319,0.8414233773946762,6,6065,0.012140388,20081.019179821014,0.3978006,0.0,3846144
641.43,-4.85,-0.003450238,0.00030576368,0.8697333633899689,7,6072,0.01115345,20085.204177856445,0.3835004,0.0,3850240
641.78,-4.84,-0.0034914326,0.0002895533,0.8814355507493019,7,6079,0.011030525,20089.26736664772,0.39213583,0.0,3854336
639.11,-4.85,-0.0035004835,0.00033258463,0.8947383463382721,6,6085,0.009251701,20093.241302251816,0.41036388,0.0,3858432
635.16,-4.86,-0.0037133796,0.00029506473,0.8787540197372437,6,6091,0.010842807,20097.03753066063,0.4210739,0.0,3862528
634.34,-4.86,-0.0035175541,0.00027996273,0.8926706835627556,6,6097,0.009883678,20101.00311422348,0.38480812,0.0,3866624
634.18,-4.86,-0.003476874,0.0003126768,0.8826066106557846,7,6104,0.01095915,20105.08741235733,0.40202743,0.0,3870720
632.42,-4.86,-0.0028174547,0.00026961486,0.892256885766983,7,6111,0.009981908,20108.852612018585,0.37038526,0.0,3874816
631.93,-4.87,-0.0030329267,0.00021330178,0.871958464384079,7,6118,0.0103762895,20112.624849796295,0.39362884,0.0,3878912
621.01,-4.87,-0.003546584,0.0003198021,0.8604815155267715,7,6125,0.010842477,20116.3952562809,0.39104268,0.0,3883008
616.31,-4.86,-0.0036710124,0.00032179608,0.8298432677984238,7,6132,0.012834907,20120.17092847824,0.41119465,0.0,3887104
619.41,-4.85,-0.0038251446,0.0003117267,0.8593421280384064,6,6138,0.010463805,20124.107389450073,0.40808704,0.0,3891200
619.91,-4.87,-0.003567878,0.0002548897,0.8621920198202133,6,6144,0.010213406,20127.884348154068,0.39541936,0.0,3895296
622.21,-4.85,-0.0030318145,0.00023820429,0.8640802353620529,7,6151,0.01061971,20131.889340162277,0.3923867,0.0,3899392
622.03,-4.84,-0.0033805198,0.00029459305,0.8537181168794632,5,6156,0.014099612,20576.00065970421,0.41069987,0.0,3903488
626.1,-4.85,-0.0034559174,0.00026688422,0.8822586536407471,7,6163,0.009422992,20579.942447662354,0.3978397,0.0,3907584
627.53,-4.84,-0.003422806,0.00029209777,0.8348478525876999,7,6170,0.0107895145,20583.70386481285,0.4169824,0.0,3911680
630.47,-4.84,-0.003265916,0.0002947955,0.8777166306972504,6,6176,0.010114936,20587.764339208603,0.40123057,0.0,3915776
632.49,-4.83,-0.003172963,0.0002560797,0.8895877748727798,7,6183,0.009235509,20591.559772729874,0.40824413,0.0,3919872
628.13,-4.83,-0.0033389814,0.00021417263,0.87975212931633,6,6189,0.011076799,20595.335615873337,0.37510276,0.0,3923968
620.21,-4.83,-0.0030132025,0.00021895164,0.879792682826519,7,6196,0.010656991,20599.301437854767,0.40380567,0.0,3928064
622.71,-4.85,-0.0034326336,0.0002388593,0.8781115263700485,6,6202,0.010353948,20603.485365390778,0.39682084,0.0,3932160
625.91,-4.86,-0.0032024994,0.0003006663,0.8675456643104553,7,6209,0.009827826,20607.65710377693,0.3816416,0.0,3936256
628.98,-4.87,-0.0028210916,0.00025302297,0.8836148455739021,6,6215,0.009037502,20611.79296350479,0.40021113,0.0,3940352
635.49,-4.87,-0.00299268,0.00025575524,0.8500342071056366,6,6221,0.012184866,20615.60413503647,0.3934855,0.0,3944448
638.99,-4.85,-0.0033694757,0.00026824028,0.8623162806034088,7,6228,0.011315217,20619.51419711113,0.40793267,0.0,3948544
635.94,-4.86,-0.0027991708,0.0002413061,0.8798251003026962,6,6234,0.009587762,20623.281387090683,0.37996903,0.0,3952640
641.85,-4.84,-0.003447534,0.0002606499,0.8468976020812988,6,6240,0.012519658,20627.287394046783,0.42406654,0.0,3956736
639.73,-4.85,-0.0039442778,0.00030866507,0.8221669793128967,6,6246,0.011268528,20631.439690828323,0.413958,0.0,3960832
643.13,-4.85,-0.0034128877,0.00023204509,0.8504079878330231,7,6253,0.011992846,20635.441783428192,0.4062206,0.0,3964928
641.27,-4.86,-0.0030782316,0.0002105331,0.8522997498512268,5,6258,0.011961862,20639.58628988266,0.39088017,0.0,3969024
645.66,-4.83,-0.0032118405,0.00022341245,0.8638115674257278,7,6265,0.011543984,20643.359140872955,0.4094568,0.0,3973120
642.24,-4.83,-0.0031097063,0.00020260093,0.8672644346952438,7,6272,0.012378232,20647.165131807327,0.39643684,0.0,3977216
646.18,-4.83,-0.003966641,0.0002716977,0.8808120340108871,6,6278,0.011576753,20651.19022989273,0.43916714,0.0,3981312
651.52,-4.83,-0.00318103,0.00022787877,0.8787767514586449,5,6283,0.009673044,20655.37191581726,0.40587863,0.0,3985408
646.46,-4.85,-0.0026917867,0.0002049152,0.8791887909173965,7,6290,0.0095003145,20659.364024162292,0.39488813,0.0,3989504
652.06,-4.85,-0.0030874847,0.00022580272,0.8728903532028198,6,6296,0.010854681,20663.417483091354,0.4027877,0.0,3993600
650.0,-4.81,-0.0029544649,0.00020900673,0.8564805686473846,7,6303,0.012149745,20667.327772140503,0.40435973,0.0,3997696
652.18,-4.8,-0.0029151125,0.0002151626,0.8923487886786461,6,6309,0.008986276,21111.349105119705,0.40778232,0.0,4001792
646.2,-4.8,-0.0028210445,0.00023372946,0.8869156539440155,8,6317,0.009503427,21115.11500954628,0.4009376,0.0,4005888
642.69,-4.81,-0.0027897784,0.00015658932,0.8689045757055283,6,6323,0.0109178,21118.87524819374,0.3659768,0.0,4009984
640.95,-4.79,-0.003091072,0.0002644351,0.8656946271657944,7,6330,0.011498444,21122.960308790207,0.39582214,0.0,4014080
637.69,-4.8,-0.0036271643,0.00021193123,0.856048047542572,6,6336,0.011565884,21127.006326198578,0.4040548,0.0,4018176
639.57,-4.8,-0.00293537,0.00022703194,0.8879322856664658,6,6342,0.0104179755,21131.013914108276,0.40636447,0.0,4022272
640.23,-4.82,-0.0025483542,0.00018984593,0.8932664915919304,7,6349,0.008976111,21134.782262563705,0.3723918,0.0,4026368
634.11,-4.83,-0.0027919179,0.00017654535,0.870093435049057,7,6356,0.011491558,21138.585715532303,0.3885953,0.0,4030464
632.48,-4.87,-0.0026113922,0.00019809141,0.8919463977217674,6,6362,0.009449385,21142.645293474197,0.40161118,0.0,4034560
638.3,-4.85,-0.0032252958,0.00020146352,0.8742034286260605,6,6368,0.011009982,21146.564123868942,0.39544037,0.0,4038656
640.9,-4.85,-0.002932589,0.00018985236,0.8629408180713654,6,6374,0.01321852,21150.333474636078,0.4166336,0.0,4042752
637.05,-4.81,-0.0031873225,0.00024518327,0.873451754450798,7,6381,0.016005768,21154.100543022156,0.4055938,0.0,4046848
636.72,-4.82,-0.0030027605,0.0002169763,0.857491984963417,6,6387,0.0105816005,21158.163880586624,0.3965408,0.0,4050944
640.51,-4.8,-0.0027492472,0.00020332333,0.8841547593474388,5,6392,0.010966876,21161.99458861351,0.40542397,0.0,4055040
644.52,-4.8,-0.0031972206,0.00021780143,0.8481385409832001,6,6398,0.010941485,21165.756620645523,0.40117684,0.0,4059136
642.07,-4.81,-0.0024571181,0.0001574617,0.8816528245806694,8,6406,0.012021509,21169.6159658432,0.40226606,0.0,4063232
640.18,-4.82,-0.0034938748,0.0001928989,0.8835370391607285,5,6411,0.009737837,21173.38823223114,0.40523234,0.0,4067328
645.87,-4.81,-0.002711463,0.00021215371,0.8644688129425049,7,6418,0.012334186,21177.154116868973,0.4134272,0.0,4071424
646.94,-4.81,-0.002832416,0.00023336217,0.8579410165548325,7,6425,0.0099480925,21180.927127599716,0.410797,0.0,4075520
641.21,-4.82,-0.0024738922,0.00020738202,0.878691740334034,7,6432,0.010154163,21184.704967021942,0.39368293,0.0,4079616
649.34,-4.81,-0.0027844156,0.00024202143,0.8529496639966965,5,6437,0.011576025,21188.46578192711,0.3980847,0.0,4083712
649.2,-4.82,-0.0023149336,0.00015451852,0.8941989988088608,7,6444,0.009934996,21192.388707876205,0.38486207,0.0,4087808
645.73,-4.8,-0.00244613,0.0001763059,0.8890661969780922,7,6451,0.010343701,21196.345913887024,0.38955286,0.0,4091904
644.51,-4.8,-0.0031092917,0.00020994063,0.8553017973899841,6,6457,0.011629307,21200.520597219467,0.39014086,0.0,4096000
644.47,-4.79,-0.0022368734,0.00016319935,0.8715436458587646,6,6463,0.011807563,21627.79485797882,0.3925883,0.0,4100096
647.16,-4.81,-0.0025148876,0.0001620973,0.8929431065917015,6,6469,0.010404682,21631.759474277496,0.41596982,0.0,4104192
644.78,-4.83,-0.0026084639,0.00015975551,0.8565172404050827,7,6476,0.013384923,21635.523074150085,0.40762678,0.0,4108288
644.71,-4.85,-0.0028232909,0.00016895123,0.886957973241806,6,6482,0.009806466,21639.283356428146,0.40798753,0.0,4112384
643.66,-4.85,-0.0025646512,0.00014656586,0.8637685030698776,6,6488,0.010235146,21643.045236110687,0.3710552,0.0,4116480
641.44,-4.86,-0.0029661043,0.00022523278,0.8697634041309357,7,6495,0.010271056,21646.82085967064,0.41615835,0.0,4120576
638.74,-4.86,-0.0023964792,0.00021034872,0.8422827273607254,6,6501,0.012340417,21650.766479730606,0.4052733,0.0,4124672
643.78,-4.86,-0.0027512587,0.00014685864,0.8530058562755585,7,6508,0.012939767,21654.785703897476,0.395971,0.0,4128768
638.05,-4.87,-0.0024112952,0.00017488725,0.8918187320232391,6,6514,0.00844197,21658.948367357254,0.3979224,0.0,4132864
640.09,-4.88,-0.0023519532,0.00016814958,0.8819683492183685,7,6521,0.008985551,21663.126506090164,0.3961478,0.0,4136960
637.03,-4.87,-0.002566759,0.00020731932,0.8231017142534256,7,6528,0.013194103,21667.309700489044,0.40101022,0.0,4141056
634.52,-4.88,-0.002530704,0.00017639098,0.8692594915628433,7,6535,0.01106649,21671.49637913704,0.37332988,0.0,4145152
617.67,-4.89,-0.0020426128,0.0001731018,0.8860965296626091,8,6543,0.00959017,21675.67669057846,0.37907735,0.0,4149248
626.89,-4.89,-0.0035572662,0.00023266491,0.8516886830329895,5,6548,0.010632283,21679.858558654785,0.41921228,0.0,4153344
628.48,-4.89,-0.0023373244,0.000147345,0.8870152160525322,7,6555,0.009938178,21684.043390750885,0.37316915,0.0,4157440
626.88,-4.9,-0.0022664377,0.00012689663,0.8762745559215546,6,6561,0.008630576,21688.059985160828,0.39799157,0.0,4161536
626.53,-4.89,-0.0026937332,0.00015175066,0.8900924772024155,7,6568,0.009694783,21691.858641386032,0.38999775,0.0,4165632
624.7,-4.9,-0.0025518923,0.00014179102,0.8818520978093147,6,6574,0.009724109,21695.64054965973,0.39762282,0.0,4169728
635.08,-4.88,-0.0027936962,0.00018718597,0.8729629814624786,5,6579,0.0098471595,21699.648983955383,0.41053253,0.0,4173824
627.82,-4.88,-0.0023429291,0.00014280582,0.8649996519088745,7,6586,0.00946058,21703.541059970856,0.39713395,0.0,4177920
632.34,-4.86,-0.0025988899,0.00018643176,0.8745239824056625,6,6592,0.011528754,21707.653659820557,0.40978244,0.0,4182016
621.47,-4.89,-0.0022934447,0.00013544138,0.8658080548048019,8,6600,0.01140272,21711.836484909058,0.37029463,0.0,4186112
624.05,-4.9,-0.0025971907,0.0001676073,0.8682131320238113,6,6606,0.010441549,21716.044208049774,0.37799075,0.0,4190208
621.77,-4.89,-0.0026879874,0.00017201154,0.8220980316400528,7,6613,0.013803478,21720.23127937317,0.39833358,0.0,4194304
623.32,-4.87,-0.002376286,0.00015533343,0.8807277157902718,6,6619,0.010583983,21724.418831586838,0.39864933,0.0,4198400
634.58,-4.87,-0.002268715,0.00015336418,0.8683056831359863,5,6624,0.0097267125,22164.999425172806,0.39353064,0.0,4202496
640.52,-4.85,-0.0030974695,0.00017584859,0.8241835832595825,6,6630,0.015291839,22169.190103292465,0.4150007,0.0,4206592
647.74,-4.84,-0.0027190633,0.00019125309,0.8574969172477722,6,6636,0.011437543,22173.373322486877,0.40457094,0.0,4210688
656.83,-4.83,-0.002087788,0.00013705225,0.8899897783994675,7,6643,0.009873779,22177.56028151512,0.3990444,0.0,4214784
646.71,-4.84,-0.0020026672,0.00012737673,0.8851226717233658,7,6650,0.010968035,22181.74511384964,0.38311824,0.0,4218880
654.01,-4.82,-0.0020355063,0.00015955092,0.874387264251709,5,6655,0.012169192,22185.933965444565,0.39751,0.0,4222976
650.25,-4.81,-0.002179474,0.00017507754,0.8652441203594208,7,6662,0.010856606,22190.126014709473,0.3924834,0.0,4227072
649.18,-4.81,-0.0026209278,0.0001312945,0.860062912106514,6,6668,0.009986927,22194.309066534042,0.41912258,0.0,4231168
649.04,-4.81,-0.0023969887,0.00014772624,0.8450300246477127,7,6675,0.010266929,22198.492379188538,0.3817764,0.0,4235264
638.22,-4.84,-0.0023571178,0.00017578488,0.8922392651438713,7,6682,0.0092006605,22202.679939985275,0.40887067,0.0,4239360
645.1,-4.84,-0.001960781,0.000110729925,0.884105272591114,6,6688,0.009280911,22206.86614203453,0.38531348,0.0,4243456
644.41,-4.84,-0.0026744944,0.00013710193,0.8499775230884552,6,6694,0.012465522,22210.908389806747,0.41385442,0.0,4247552
644.88,-4.84,-0.0023870235,0.00015076951,0.9004283994436264,7,6701,0.008408649,22214.802268266678,0.40847287,0.0,4251648
644.87,-4.84,-0.0016529085,0.0001160467,0.8928662985563278,7,6708,0.009893284,22218.5754301548,0.39771977,0.0,4255744
642.89,-4.85,-0.0017787411,0.00010053264,0.874273881316185,7,6715,0.011352013,22222.452587127686,0.37753642,0.0,4259840
650.87,-4.84,-0.0024791418,0.00015756261,0.8696486353874207,5,6720,0.010429046,22226.251347064972,0.39971003,0.0,4263936
647.66,-4.83,-0.0025492245,0.00015211532,0.824020504951477,6,6726,0.013168328,22230.407571792603,0.4140795,0.0,4268032
632.49,-4.88,-0.001964653,0.00010533148,0.8912579715251923,8,6734,0.010717892,22234.511157989502,0.38619056,0.0,4272128
630.77,-4.88,-0.002076547,0.00011592026,0.887528158724308,6,6740,0.010180455,22238.551013946533,0.38094264,0.0,4276224
638.16,-4.84,-0.002374101,0.00010831759,0.8448686003684998,6,6746,0.014174754,22242.349419355392,0.4197635,0.0,4280320
640.39,-4.86,-0.002037433,0.00012959154,0.8786581829190254,6,6752,0.011843307,22246.150701761246,0.3948111,0.0,4284416
633.51,-4.87,-0.0019724676,0.00010870947,0.8876938447356224,6,6758,0.010521819,22249.952661514282,0.38404557,0.0,4288512
643.68,-4.83,-0.002288601,0.00012530455,0.849694550037384,6,6764,0.013868574,22253.727345705032,0.4169616,0.0,4292608
646.24,-4.8,-0.002087468,9.5379444e-05,0.8574666380882263,6,6770,0.015909975,22257.528683185577,0.41894373,0.0,4296704
638.44,-4.8,-0.0022668662,0.000118453674,0.8877265676856041,7,6777,0.012241053,22687.9582092762,0.41073936,0.0,4300800
647.21,-4.77,-0.0024854122,0.00013218238,0.863993227481842,6,6783,0.013843922,22692.063423871994,0.4087114,0.0,4304896
650.54,-4.74,-0.0023220405,0.00012467042,0.8752821534872055,6,6789,0.012857163,22696.2440533638,0.40705582,0.0,4308992
643.01,-4.76,-0.0017865014,0.00011640072,0.8842569291591644,7,6796,0.01044291,22700.207668542862,0.3862566,0.0,4313088
642.76,-4.76,-0.0021105148,0.00012136223,0.8817730769515038,7,6803,0.010722576,22704.09402155876,0.38804573,0.0,4317184
644.89,-4.76,-0.0018573494,0.0001018209,0.8836063742637634,7,6810,0.0101379035,22707.881905794144,0.39973384,0.0,4321280
639.33,-4.77,-0.002137169,0.00010702181,0.8726935386657715,7,6817,0.010934511,22711.70002269745,0.38972762,0.0,4325376
625.4,-4.79,-0.001786868,9.301446e-05,0.8946731835603714,7,6824,0.00914803,22715.722057819366,0.38853592,0.0,4329472
634.21,-4.76,-0.0021745563,0.00013108819,0.8249344527721405,6,6830,0.013469133,22719.90941286087,0.41568938,0.0,4333568
642.59,-4.76,-0.0017837118,0.00011153299,0.8626056909561157,6,6836,0.01055705,22724.084830522537,0.38912472,0.0,4337664
648.55,-4.76,-0.0025002994,0.00014173455,0.8604057133197784,5,6841,0.010121427,22728.272094488144,0.40674904,0.0,4341760
645.46,-4.79,-0.0021442575,0.00010170608,0.8438413143157959,6,6847,0.011428182,22732.3781979084,0.41962326,0.0,4345856
643.53,-4.79,-0.0017723249,8.587717e-05,0.8708018362522125,6,6853,0.010661527,22736.210884571075,0.40066263,0.0,4349952
643.05,-4.8,-0.0020454056,9.047008e-05,0.8596692979335785,7,6860,0.010837857,22740.136949062347,0.40684745,0.0,4354048
635.59,-4.83,-0.002103217,9.259063e-05,0.8697526752948761,7,6867,0.010913311,22744.249455928802,0.40412283,0.0,4358144
636.09,-4.85,-0.0017519421,8.577242e-05,0.8685255199670792,6,6873,0.011437408,22748.039342164993,0.4080265,0.0,4362240
638.26,-4.87,-0.0021507642,9.368812e-05,0.880494549870491,6,6879,0.010354568,22751.806357383728,0.40201253,0.0,4366336
633.22,-4.88,-0.0016839765,6.0750237e-05,0.870247557759285,7,6886,0.011848619,22755.572695732117,0.4045927,0.0,4370432
631.47,-4.88,-0.0018135164,8.927227e-05,0.8551482409238815,7,6893,0.014903557,22759.501455783844,0.4101443,0.0,4374528
633.62,-4.87,-0.0020739986,8.871461e-05,0.8114472180604935,6,6899,0.012598628,22763.50393128395,0.41310132,0.0,4378624
639.4,-4.85,-0.002087033,8.645754e-05,0.8674476891756058,6,6905,0.0118225515,22767.447160482407,0.42119485,0.0,4382720
637.66,-4.86,-0.0017548227,8.3132516e-05,0.8761743679642677,7,6912,0.010396737,22771.242350578308,0.40522698,0.0,4386816
641.45,-4.83,-0.0021806213,8.84575e-05,0.8469502776861191,7,6919,0.0154848145,22775.01030397415,0.43770912,0.0,4390912
645.0,-4.82,-0.0016254131,5.7707675e-05,0.872526541352272,6,6925,0.012309093,22778.779986858368,0.39001513,0.0,4395008
643.71,-4.85,-0.001999376,9.8063916e-05,0.8815024420619011,7,6932,0.009842602,22782.546543836594,0.41491225,0.0,4399104
642.8,-4.84,-0.0020057487,8.542669e-05,0.8571172654628754,6,6938,0.012191218,23211.94335103035,0.4119643,0.0,4403200
637.65,-4.86,-0.0019147224,9.852939e-05,0.8908408060669899,6,6944,0.00974031,23216.116946458817,0.40630487,0.0,4407296
636.19,-4.86,-0.0018308929,8.267073e-05,0.8924052119255066,5,6949,0.008947578,23220.309437274933,0.4066321,0.0,4411392
637.73,-4.87,-0.0016616107,9.445874e-05,0.8876017108559608,7,6956,0.010292783,23224.49333667755,0.41191038,0.0,4415488
646.91,-4.87,-0.0017225317,9.610213e-05,0.898176483809948,6,6962,0.008803668,23228.67482805252,0.41135687,0.0,4419584
649.82,-4.86,-0.0018373475,9.4745534e-05,0.8446401953697205,6,6968,0.014074564,23232.857817411423,0.41306946,0.0,4423680
639.5,-4.86,-0.0013778881,5.2423664e-05,0.8810149282217026,7,6975,0.010755474,23237.03657746315,0.3770111,0.0,4427776
643.81,-4.87,-0.0017938284,9.827857e-05,0.8765757977962494,6,6981,0.01072019,23241.22071146965,0.41360173,0.0,4431872
647.29,-4.86,-0.0018212991,7.745683e-05,0.8769405856728554,6,6987,0.012958077,23245.40313220024,0.42087305,0.0,4435968
650.8,-4.85,-0.0018228749,7.5271506e-05,0.8684428781270981,7,6994,0.012557651,23249.580536603928,0.40806714,0.0,4440064
653.77,-4.86,-0.0018715301,7.767e-05,0.8725559264421463,6,7000,0.009739944,23253.763650417328,0.41753897,0.0,4444160
650.52,-4.88,-0.0016037537,5.9926406e-05,0.8749906569719315,6,7006,0.01079599,23257.95318031311,0.42101094,0.0,4448256
653.4,-4.87,-0.0014422445,6.167707e-05,0.8657784759998322,7,7013,0.011178471,23262.109567165375,0.4130923,0.0,4452352
655.75,-4.89,-0.0016134547,7.928419e-05,0.854731410741806,6,7019,0.009984924,23266.285700798035,0.41173828,0.0,4456448
663.5,-4.89,-0.001981759,9.2394504e-05,0.8597096651792526,5,7024,0.011388565,23270.415373563766,0.40144157,0.0,4460544
661.34,-4.87,-0.0017273512,6.34513e-05,0.8682696670293808,7,7031,0.013285634,23274.232125997543,0.42599097,0.0,4464640
657.88,-4.87,-0.0018564912,7.125819e-05,0.8691024035215378,6,7037,0.013227614,23278.387065172195,0.41309837,0.0,4468736
657.25,-4.85,-0.0015805066,6.387823e-05,0.8792652636766434,6,7043,0.01003439,23282.580704450607,0.39645612,0.0,4472832
653.48,-4.84,-0.0016089475,4.838183e-05,0.8790450319647789,7,7050,0.0124284495,23286.380956172943,0.41063398,0.0,4476928
656.58,-4.83,-0.0013677245,5.353252e-05,0.8862219825387001,6,7056,0.011453383,23290.25682735443,0.40494135,0.0,4481024
653.59,-4.82,-0.0018165738,7.0018046e-05,0.8857021257281303,6,7062,0.010576709,23294.43767476082,0.4173909,0.0,4485120
657.08,-4.84,-0.0015195851,6.218552e-05,0.8789905607700348,6,7068,0.010352433,23298.620441675186,0.39934638,0.0,4489216
656.78,-4.85,-0.001468742,6.792369e-05,0.8865293860435486,7,7075,0.010432595,23302.814030647278,0.40531042,0.0,4493312
651.17,-4.84,-0.0013960924,5.3824893e-05,0.8864967450499535,7,7082,0.011069134,23306.903082847595,0.4161787,0.0,4497408
648.43,-4.87,-0.0013293053,5.1559186e-05,0.8919847905635834,6,7088,0.0106501235,23738.34266257286,0.38498074,0.0,4501504
652.91,-4.85,-0.0015629013,5.493247e-05,0.8850352689623833,6,7094,0.01082525,23742.486963272095,0.41859928,0.0,4505600
649.31,-4.83,-0.0014547587,5.440183e-05,0.8671288043260574,7,7101,0.012361865,23746.65918326378,0.39519924,0.0,4509696
648.82,-4.82,-0.0015753831,5.3996348e-05,0.8702753335237503,6,7107,0.012493004,23750.846543073654,0.41850054,0.0,4513792
654.49,-4.81,-0.001534275,4.324605e-05,0.8513806313276291,6,7113,0.012185762,23754.67515230179,0.40500218,0.0,4517888
655.39,-4.81,-0.0016421769,6.6041226e-05,0.8589092642068863,6,7119,0.012112687,23758.782812833786,0.4190163,0.0,4521984
646.49,-4.82,-0.0014393682,4.909376e-05,0.8719370663166046,6,7125,0.012490571,23762.77079153061,0.40928978,0.0,4526080
646.35,-4.82,-0.001137299,3.988595e-05,0.8693418800830841,7,7132,0.013418218,23766.64153432846,0.39673683,0.0,4530176
643.31,-4.82,-0.0016047343,5.5204593e-05,0.8692377060651779,6,7138,0.014224996,23770.502600193024,0.41942844,0.0,4534272
648.04,-4.79,-0.0018294416,5.8967587e-05,0.8529280722141266,7,7145,0.014311942,23774.31206345558,0.42673182,0.0,4538368
642.31,-4.8,-0.0012313647,4.4254815e-05,0.8871301040053368,7,7152,0.009861933,23778.100560188293,0.39171666,0.0,4542464
640.37,-4.81,-0.0012483579,4.0218325e-05,0.8908659666776657,6,7158,0.010803088,23782.07269001007,0.40661916,0.0,4546560
634.73,-4.8,-0.0014031627,4.38948e-05,0.868593618273735,7,7165,0.010162303,23785.850955963135,0.38206542,0.0,4550656
644.54,-4.8,-0.0014799109,4.4628025e-05,0.8493403643369675,4,7169,0.009897002,23789.848786115646,0.41086984,0.0,4554752
650.82,-4.79,-0.0014896629,4.1625884e-05,0.8626877665519714,6,7175,0.01287192,23793.768686056137,0.42095986,0.0,4558848
654.98,-4.78,-0.0012869816,3.839089e-05,0.8913643956184387,7,7182,0.011176024,23797.92032766342,0.41829917,0.0,4562944
647.84,-4.79,-0.0014674701,4.4892746e-05,0.8769101426005363,7,7189,0.011514591,23802.100747823715,0.4150129,0.0,4567040
644.47,-4.79,-0.0013064835,3.7095288e-05,0.8814809247851372,7,7196,0.011745296,23806.18505549431,0.41987768,0.0,4571136
639.42,-4.81,-0.0011460345,3.6683174e-05,0.8891418278217316,7,7203,0.009997808,23809.959995746613,0.3945847,0.0,4575232
640.0,-4.81,-0.0012385161,3.689032e-05,0.8611865192651749,6,7209,0.01112408,23813.751104831696,0.42124367,0.0,4579328
631.29,-4.83,-0.0013030784,4.2319025e-05,0.8685789555311203,7,7216,0.011819639,23817.57376909256,0.3955766,0.0,4583424
630.42,-4.82,-0.0012027605,4.158026e-05,0.875541478395462,7,7223,0.012307979,23821.388695001602,0.40420666,0.0,4587520
622.04,-4.85,-0.0011108324,3.6248013e-05,0.8863969668745995,7,7230,0.009611705,23825.169323444366,0.40661493,0.0,4591616
624.86,-4.87,-0.0014896316,4.455966e-05,0.8722310066223145,6,7236,0.0105406325,23828.95114326477,0.40831748,0.0,4595712
624.06,-4.9,-0.0013409206,3.7957296e-05,0.8723209500312805,7,7243,0.010370697,23832.71400666237,0.4181198,0.0,4599808
626.68,-4.89,-0.0013031701,4.1984644e-05,0.8660434782505035,6,7249,0.011733787,24264.929255723953,0.3900209,0.0,4603904
628.45,-4.89,-0.0013993331,4.3618027e-05,0.8915949389338493,6,7255,0.009267727,24268.967361450195,0.3946785,0.0,4608000
633.7,-4.91,-0.0011972031,3.442879e-05,0.8809698224067688,7,7262,0.010344723,24272.73011493683,0.4017689,0.0,4612096
629.8,-4.91,-0.0012295461,3.2843614e-05,0.8778379261493683,5,7267,0.011044757,24276.50328397751,0.4314679,0.0,4616192
631.31,-4.92,-0.0012333195,3.7597103e-05,0.8844873979687691,6,7273,0.009895446,24280.446838140488,0.41161856,0.0,4620288
628.24,-4.94,-0.0010213341,4.0310904e-05,0.8871043846011162,6,7279,0.009585534,24284.614201784134,0.43364114,0.0,4624384
634.39,-4.94,-0.0011294631,3.5458055e-05,0.8696955144405365,6,7285,0.011951512,24288.591032981873,0.40632564,0.0,4628480
636.48,-4.94,-0.00096397195,2.5769214e-05,0.8719493895769119,7,7292,0.011774482,24292.403230905533,0.39776367,0.0,4632576
638.46,-4.94,-0.001096549,3.2740634e-05,0.8729176223278046,6,7298,0.011389011,24296.452637672424,0.39824677,0.0,4636672
642.9,-4.95,-0.0009020313,2.7126964e-05,0.8954474404454231,7,7305,0.008954212,24300.627678394318,0.42020154,0.0,4640768
637.99,-4.95,-0.001087362,2.5843961e-05,0.8619891405105591,7,7312,0.010895356,24304.81077528,0.3930279,0.0,4644864
643.86,-4.95,-0.0011067977,2.5580128e-05,0.8629790544509888,6,7318,0.011160665,24308.989030838013,0.42246288,0.0,4648960
649.06,-4.96,-0.0008141478,2.2696795e-05,0.8725609630346298,6,7324,0.009919572,24313.16243338585,0.3824094,0.0,4653056
644.37,-4.95,-0.00066473946,2.5849315e-05,0.8710473328828812,7,7331,0.011163834,24317.06580066681,0.3657034,0.0,4657152
644.47,-4.95,-0.0010830641,3.0294508e-05,0.8721604943275452,7,7338,0.0107534975,24320.87739276886,0.39618742,0.0,4661248
645.63,-4.95,-0.0010251869,2.4951773e-05,0.8801451325416565,6,7344,0.010619938,24324.793766736984,0.39931843,0.0,4665344
646.42,-4.96,-0.0010935175,2.2126513e-05,0.8686106204986572,6,7350,0.010521212,24328.55445408821,0.39304605,0.0,4669440
649.37,-4.96,-0.0010389024,2.5849125e-05,0.8490766286849976,6,7356,0.013211538,24332.319434165955,0.4196327,0.0,4673536
642.1,-4.95,-0.0008369916,2.276176e-05,0.872877836227417,8,7364,0.0117428135,24336.129224061966,0.39652538,0.0,4677632
632.16,-4.93,-0.0009119478,2.1756692e-05,0.8676636964082718,6,7370,0.014016034,24340.273703813553,0.40003783,0.0,4681728
632.31,-4.92,-0.0011474392,3.0764393e-05,0.8687398433685303,7,7377,0.012706879,24344.444784402847,0.44214937,0.0,4685824
630.4,-4.92,-0.001123661,2.4902767e-05,0.8676322400569916,6,7383,0.01137649,24348.609739542007,0.4088902,0.0,4689920
623.56,-4.93,-0.000706216,2.0282314e-05,0.8883805349469185,7,7390,0.010910739,24352.772981882095,0.39966992,0.0,4694016
626.25,-4.93,-0.00085059577,2.1889213e-05,0.8992700055241585,7,7397,0.0087573305,24356.796082019806,0.4167388,0.0,4698112
633.91,-4.91,-0.0009738284,2.4252673e-05,0.8306417316198349,5,7402,0.016254393,24782.016415834427,0.4338805,0.0,4702208
632.38,-4.9,-0.00086328655,1.5479722e-05,0.8839560821652412,7,7409,0.010490313,24786.183135032654,0.393326,0.0,4706304
632.6,-4.9,-0.00092330016,1.9658817e-05,0.8796568289399147,7,7416,0.012115451,24790.049493551254,0.39445195,0.0,4710400
626.21,-4.9,-0.00088206946,1.625737e-05,0.8858871161937714,6,7422,0.011773011,24793.808878183365,0.4115178,0.0,4714496
627.93,-4.9,-0.0010603184,2.0062771e-05,0.8604053556919098,6,7428,0.012351666,24797.572368621826,0.3980668,0.0,4718592
638.74,-4.89,-0.00083596306,1.6984539e-05,0.8905196338891983,7,7435,0.010613652,24801.741157770157,0.41272655,0.0,4722688
633.19,-4.87,-0.00081520644,1.8443883e-05,0.8719661235809326,6,7441,0.014514929,24805.937707424164,0.42413807,0.0,4726784
635.43,-4.87,-0.0007646701,1.572945e-05,0.8789972737431526,6,7447,0.01114088,24809.707481622696,0.39737374,0.0,4730880
627.28,-4.87,-0.00090138055,1.6536002e-05,0.8587632775306702,7,7454,0.01205186,24813.5966296196,0.39292672,0.0,4734976
630.2,-4.86,-0.0008753359,1.8837223e-05,0.8639033138751984,7,7461,0.012716611,24817.773910045624,0.39690533,0.0,4739072
628.32,-4.89,-0.0006824881,1.5486574e-05,0.886659525334835,7,7468,0.010224209,24821.94751572609,0.3827314,0.0,4743168
624.91,-4.89,-0.00060404395,1.6890166e-05,0.8852282613515854,7,7475,0.0107030785,24825.86216020584,0.39878258,0.0,4747264
623.77,-4.89,-0.0008942124,1.642773e-05,0.8606456816196442,7,7482,0.011949725,24829.912744760513,0.40978977,0.0,4751360
633.78,-4.89,-0.0008222284,1.574813e-05,0.8870304077863693,5,7487,0.009987404,24834.08963251114,0.394403,0.0,4755456
630.63,-4.86,-0.0007213843,1.4768499e-05,0.8541026711463928,7,7494,0.013856537,24837.998400449753,0.38977548,0.0,4759552
621.65,-4.88,-0.000691216,1.2059357e-05,0.8854590132832527,7,7501,0.01178809,24841.766593933105,0.40039054,0.0,4763648
621.47,-4.88,-0.0007129627,1.5688618e-05,0.8627909123897552,7,7508,0.012831505,24845.527202129364,0.38885027,0.0,4767744
623.86,-4.87,-0.00079132104,1.2961468e-05,0.8532501310110092,6,7514,0.015132913,24849.30344414711,0.38581514,0.0,4771840
623.21,-4.87,-0.0006369685,1.2148335e-05,0.8741198927164078,7,7521,0.012671424,24853.223828554153,0.3829652,0.0,4775936
620.48,-4.87,-0.00052244135,1.03318125e-05,0.9000013098120689,7,7528,0.010053645,24857.20933818817,0.4186616,0.0,4780032
620.1,-4.88,-0.00063130725,1.0269839e-05,0.8737538009881973,6,7534,0.010617374,24860.965611696243,0.38035175,0.0,4784128
610.54,-4.89,-0.000669471,1.1294714e-05,0.8795813694596291,7,7541,0.011782064,24864.73284816742,0.39741206,0.0,4788224
612.67,-4.85,-0.00063907116,1.1085917e-05,0.861491933465004,7,7548,0.015486752,24868.753895044327,0.41750985,0.0,4792320
613.46,-4.84,-0.000564213,7.988109e-06,0.8761646524071693,7,7555,0.012944461,24872.528755903244,0.40626207,0.0,4796416
615.11,-4.84,-0.0005482634,1.06434545e-05,0.8880109488964081,5,7560,0.010071655,25303.814023017883,0.39821163,0.0,4800512
617.09,-4.85,-0.0006037033,8.701785e-06,0.8787363991141319,7,7567,0.0115016475,25307.804689884186,0.4118558,0.0,4804608
618.05,-4.85,-0.0005488531,7.980149e-06,0.8475809246301651,8,7575,0.013724056,25311.578130960464,0.3901611,0.0,4808704
620.46,-4.83,-0.00061246485,8.176553e-06,0.8577074110507965,5,7580,0.01420478,25315.370290517807,0.418845,0.0,4812800
616.45,-4.83,-0.00058592926,7.935312e-06,0.8424226194620132,7,7587,0.01365006,25319.406503677368,0.3868188,0.0,4816896
618.09,-4.85,-0.00050070183,6.291183e-06,0.8545012027025223,6,7593,0.013401919,25323.43857359886,0.39405343,0.0,4820992
617.95,-4.84,-0.0005822934,8.0581685e-06,0.8612271994352341,7,7600,0.013445788,25327.204197645187,0.4187789,0.0,4825088
628.17,-4.83,-0.00059142715,7.999303e-06,0.8476329445838928,5,7605,0.016403237,25330.996886968613,0.41915438,0.0,4829184
629.48,-4.84,-0.00054595945,7.439863e-06,0.8850803375244141,7,7612,0.012236082,25335.091932058334,0.4064125,0.0,4833280
627.79,-4.83,-0.00054065464,6.4359892e-06,0.8832698240876198,6,7618,0.011780736,25339.25774884224,0.4099134,0.0,4837376
632.8,-4.82,-0.00047839922,4.6941022e-06,0.8845289275050163,6,7624,0.0124432165,25343.443202733994,0.3961739,0.0,4841472
637.7,-4.82,-0.0004237051,4.4545413e-06,0.8925991654396057,6,7630,0.010830849,25347.435012578964,0.38107613,0.0,4845568
636.58,-4.83,-0.00044070208,4.7381964e-06,0.8942893147468567,7,7637,0.010606525,25351.376270771027,0.39716676,0.0,4849664
635.67,-4.84,-0.00045184675,5.835452e-06,0.8986722379922867,7,7644,0.009815328,25355.286316156387,0.3923395,0.0,4853760
635.39,-4.85,-0.00044362468,5.4679354e-06,0.868342712521553,7,7651,0.0133997565,25359.0978205204,0.40436906,0.0,4857856
633.18,-4.84,-0.0004487352,4.412361e-06,0.8615497797727585,6,7657,0.01269453,25362.87860584259,0.39309776,0.0,4861952
638.89,-4.84,-0.00043572346,3.939145e-06,0.8804200664162636,6,7663,0.01171421,25366.663029909134,0.41416603,0.0,4866048
640.49,-4.82,-0.00038582738,3.8533426e-06,0.8432973325252533,7,7670,0.01643908,25370.602269411087,0.39347282,0.0,4870144
636.91,-4.84,-0.0003984191,4.034902e-06,0.8861026838421822,7,7677,0.011543433,25374.379770755768,0.3968723,0.0,4874240
634.43,-4.83,-0.00032696058,3.2479275e-06,0.8567537218332291,7,7684,0.017188504,25378.14147567749,0.40347424,0.0,4878336
631.31,-4.84,-0.00040557305,4.7157373e-06,0.9003000110387802,6,7690,0.010537356,25381.921877384186,0.41169706,0.0,4882432
631.62,-4.82,-0.00035904517,2.4129727e-06,0.8208273500204086,7,7697,0.021067293,25385.69672226906,0.39608607,0.0,4886528
622.05,-4.83,-0.00034838438,2.8204504e-06,0.8721306920051575,7,7704,0.015254655,25389.493507146835,0.40459102,0.0,4890624
617.7,-4.82,-0.0002511902,2.4108067e-06,0.8877511993050575,7,7711,0.010197483,25393.36953997612,0.39440444,0.0,4894720
616.56,-4.81,-0.00036912144,2.7033911e-06,0.860151469707489,7,7718,0.012657587,25397.17191386223,0.40707672,0.0,4898816
618.46,-4.82,-0.00026039663,1.9108938e-06,0.8905054405331612,6,7724,0.010523499,25823.084428310394,0.382021,0.0,4902912
613.85,-4.83,-0.00030807732,2.1637234e-06,0.8773141577839851,7,7731,0.0122557795,25827.27672600746,0.38987312,0.0,4907008
623.3,-4.83,-0.00033047603,2.682567e-06,0.8676875680685043,5,7736,0.012222497,25831.452579975128,0.42743525,0.0,4911104
619.11,-4.81,-0.00027323002,1.8507797e-06,0.8874757289886475,8,7744,0.012572628,25835.624746322632,0.38454872,0.0,4915200
616.48,-4.82,-0.00026006927,1.7312827e-06,0.8910007476806641,6,7750,0.011182687,25839.817749738693,0.3921602,0.0,4919296
619.32,-4.82,-0.00027897512,1.5773498e-06,0.8776988387107849,6,7756,0.015138963,25843.995748519897,0.40629283,0.0,4923392
619.23,-4.82,-0.00019592128,1.0634834e-06,0.8819368109107018,7,7763,0.0106003275,25848.177624702454,0.38824925,0.0,4927488
617.58,-4.83,-0.00022052834,1.4875711e-06,0.8699910044670105,6,7769,0.014407151,25852.35924267769,0.41023242,0.0,4931584
622.62,-4.81,-0.00023005472,1.4696249e-06,0.8690987974405289,7,7776,0.014031666,25856.540505170822,0.3943528,0.0,4935680
621.4,-4.8,-0.00020541844,9.663321e-07,0.8694724291563034,7,7783,0.01599276,25860.724143981934,0.39988813,0.0,4939776
625.46,-4.8,-0.00017507037,9.235135e-07,0.9055491983890533,6,7789,0.0111440765,25864.914628982544,0.40958616,0.0,4943872
623.89,-4.79,-0.0001877955,8.008804e-07,0.877375453710556,6,7795,0.01722767,25869.108430624008,0.41571295,0.0,4947968
622.98,-4.79,-0.00016647439,5.976359e-07,0.8773346915841103,7,7802,0.016030569,25873.304634332657,0.40945023,0.0,4952064
630.44,-4.78,-0.00014281133,6.426051e-07,0.8674250245094299,7,7809,0.01719489,25877.493486642838,0.3956527,0.0,4956160
636.32,-4.76,-0.00015772914,5.3819963e-07,0.8662535101175308,5,7814,0.020176178,25881.363370656967,0.41297862,0.0,4960256
638.69,-4.76,-0.00013405317,3.7572028e-07,0.8883446380496025,6,7820,0.014223534,25885.136452674866,0.39158174,0.0,4964352
639.83,-4.75,-0.00010583177,2.7094197e-07,0.8848438411951065,6,7826,0.010901057,25889.140072345734,0.40828884,0.0,4968448
631.17,-4.75,-6.868737e-05,1.6270346e-07,0.8889354318380356,8,7834,0.0109651135,25892.99579143524,0.38475043,0.0,4972544
632.68,-4.76,-9.5868716e-05,1.7028827e-07,0.8718202412128448,5,7839,0.014062118,25896.86156105995,0.40383336,0.0,4976640
637.98,-4.76,-7.171463e-05,1.2562143e-07,0.8900604546070099,8,7847,0.012011606,25901.039167642593,0.3936762,0.0,4980736
637.58,-4.75,-5.015044e-05,6.784998e-08,0.9016242623329163,6,7853,0.011251938,25905.01118183136,0.40234637,0.0,4984832
639.09,-4.74,-4.9135444e-05,4.8094698e-08,0.8951758220791817,6,7859,0.014320522,25908.786454439163,0.41824055,0.0,4988928
639.2,-4.74,-3.0099996e-05,2.1293658e-08,0.8967124819755554,6,7865,0.01203691,25912.725439071655,0.39888507,0.0,4993024
634.96,-4.77,-1.6533115e-05,9.986991e-09,0.8890416547656059,7,7872,0.012602315,25916.67351460457,0.39207184,0.0,4997120
640.65,-4.77,-9.249605e-06,2.4629045e-09,0.8636960983276367,6,7878,0.016452331,26346.817173957825,0.3995726,0.0,5001216
